1401 11.473
1399.8 11.44
1398.5 11.408
1397.3 11.376
1396 11.343
1394.8 11.311
1393.6 11.278
1392.3 11.246
1391.1 11.213
1389.8 11.18
1388.6 11.147
1387.4 11.114
1386.1 11.081
1384.9 11.048
1383.7 11.014
1382.4 10.981
1381.2 10.948
1379.9 10.914
1378.7 10.881
1377.5 10.847
1376.2 10.814
1375 10.78
1373.7 10.746
1372.5 10.712
1371.3 10.678
1370 10.645
1368.8 10.611
1367.6 10.577
1366.3 10.542
1365.1 10.508
1363.8 10.474
1362.6 10.44
1361.4 10.406
1360.1 10.371
1358.9 10.337
1357.6 10.303
1356.4 10.268
1355.2 10.234
1353.9 10.2
1352.7 10.165
1351.5 10.131
1350.2 10.096
1349 10.062
1347.7 10.027
1346.5 9.9924
1345.3 9.9578
1344 9.9232
1342.8 9.8885
1341.5 9.8539
1340.3 9.8192
1339.1 9.7845
1337.8 9.7499
1336.6 9.7152
1335.3 9.6805
1334.1 9.6458
1332.9 9.6111
1331.6 9.5764
1330.4 9.5417
1329.2 9.507
1327.9 9.4723
1326.7 9.4376
1325.4 9.4029
1324.2 9.3683
1323 9.3336
1321.7 9.2989
1320.5 9.2643
1319.2 9.2297
1318 9.1951
1316.8 9.1605
1315.5 9.1259
1314.3 9.0913
1313.1 9.0568
1311.8 9.0223
1310.6 8.9878
1309.3 8.9533
1308.1 8.9189
1306.9 8.8845
1305.6 8.8501
1304.4 8.8157
1303.1 8.7814
1301.9 8.7471
1300.7 8.7129
1299.4 8.6787
1298.2 8.6445
1297 8.6103
1295.7 8.5762
1294.5 8.5422
1293.2 8.5081
1292 8.4741
1290.8 8.4402
1289.5 8.4063
1288.3 8.3725
1287 8.3387
1285.8 8.3049
1284.6 8.2712
1283.3 8.2375
1282.1 8.2039
1280.9 8.1704
1279.6 8.1369
1278.4 8.1034
1277.1 8.07
1275.9 8.0367
1274.7 8.0034
1273.4 7.9702
1272.2 7.937
1270.9 7.9039
1269.7 7.8709
1268.5 7.8379
1267.2 7.805
1266 7.7721
1264.7 7.7394
1263.5 7.7066
1262.3 7.674
1261 7.6414
1259.8 7.6089
1258.6 7.5764
1257.3 7.544
1256.1 7.5117
1254.8 7.4794
1253.6 7.4473
1252.4 7.4152
1251.1 7.3831
1249.9 7.3512
1248.6 7.3193
1247.4 7.2875
1246.2 7.2558
1244.9 7.2241
1243.7 7.1925
1242.5 7.161
1241.2 7.1296
1240 7.0983
1238.7 7.067
1237.5 7.0358
1236.3 7.0047
1235 6.9737
1233.8 6.9427
1232.5 6.9119
1231.3 6.8811
1230.1 6.8504
1228.8 6.8198
1227.6 6.7893
1226.4 6.7589
1225.1 6.7285
1223.9 6.6982
1222.6 6.6681
1221.4 6.638
1220.2 6.608
1218.9 6.578
1217.7 6.5482
1216.4 6.5185
1215.2 6.4888
1214 6.4592
1212.7 6.4298
1211.5 6.4004
1210.2 6.3711
1209 6.3419
1207.8 6.3128
1206.5 6.2838
1205.3 6.2548
1204.1 6.226
1202.8 6.1972
1201.6 6.1686
1200.3 6.14
1199.1 6.1116
1197.9 6.0832
1196.6 6.0549
1195.4 6.0267
1194.1 5.9986
1192.9 5.9706
1191.7 5.9427
1190.4 5.9149
1189.2 5.8872
1188 5.8596
1186.7 5.8321
1185.5 5.8046
1184.2 5.7773
1183 5.7501
1181.8 5.7229
1180.5 5.6959
1179.3 5.6689
1178 5.6421
1176.8 5.6153
1175.6 5.5887
1174.3 5.5621
1173.1 5.5356
1171.9 5.5093
1170.6 5.483
1169.4 5.4568
1168.1 5.4307
1166.9 5.4047
1165.7 5.3789
1164.4 5.3531
1163.2 5.3274
1161.9 5.3018
1160.7 5.2763
1159.5 5.2509
1158.2 5.2256
1157 5.2004
1155.8 5.1753
1154.5 5.1503
1153.3 5.1254
1152 5.1006
1150.8 5.0758
1149.6 5.0512
1148.3 5.0267
1147.1 5.0023
1145.8 4.9779
1144.6 4.9537
1143.4 4.9296
1142.1 4.9055
1140.9 4.8816
1139.6 4.8577
1138.4 4.834
1137.2 4.8103
1135.9 4.7868
1134.7 4.7633
1133.5 4.74
1132.2 4.7167
1131 4.6935
1129.7 4.6705
1128.5 4.6475
1127.3 4.6246
1126 4.6018
1124.8 4.5791
1123.5 4.5565
1122.3 4.534
1121.1 4.5116
1119.8 4.4893
1118.6 4.4671
1117.4 4.445
1116.1 4.423
1114.9 4.4011
1113.6 4.3792
1112.4 4.3575
1111.2 4.3358
1109.9 4.3143
1108.7 4.2928
1107.4 4.2715
1106.2 4.2502
1105 4.229
1103.7 4.2079
1102.5 4.1869
1101.3 4.166
1100 4.1452
1098.8 4.1245
1097.5 4.1039
1096.3 4.0833
1095.1 4.0629
1093.8 4.0425
1092.6 4.0223
1091.3 4.0021
1090.1 3.982
1088.9 3.9621
1087.6 3.9422
1086.4 3.9224
1085.1 3.9026
1083.9 3.883
1082.7 3.8635
1081.4 3.844
1080.2 3.8247
1079 3.8054
1077.7 3.7862
1076.5 3.7671
1075.2 3.7481
1074 3.7292
1072.8 3.7104
1071.5 3.6916
1070.3 3.673
1069 3.6544
1067.8 3.6359
1066.6 3.6175
1065.3 3.5992
1064.1 3.581
1062.9 3.5629
1061.6 3.5448
1060.4 3.5268
1059.1 3.509
1057.9 3.4912
1056.7 3.4734
1055.4 3.4558
1054.2 3.4383
1052.9 3.4208
1051.7 3.4034
1050.5 3.3861
1049.2 3.3689
1048 3.3518
1046.8 3.3347
1045.5 3.3178
1044.3 3.3009
1043 3.2841
1041.8 3.2673
1040.6 3.2507
1039.3 3.2341
1038.1 3.2177
1036.8 3.2013
1035.6 3.1849
1034.4 3.1687
1033.1 3.1525
1031.9 3.1365
1030.6 3.1205
1029.4 3.1045
1028.2 3.0887
1026.9 3.0729
1025.7 3.0572
1024.5 3.0416
1023.2 3.0261
1022 3.0106
1020.7 2.9952
1019.5 2.9799
1018.3 2.9647
1017 2.9495
1015.8 2.9344
1014.5 2.9194
1013.3 2.9045
1012.1 2.8896
1010.8 2.8749
1009.6 2.8601
1008.4 2.8455
1007.1 2.831
1005.9 2.8165
1004.6 2.802
1003.4 2.7877
1002.2 2.7734
1000.9 2.7592
999.68 2.7451
998.45 2.7311
997.21 2.7171
995.97 2.7032
994.73 2.6893
993.49 2.6756
992.25 2.6619
991.01 2.6482
989.78 2.6347
988.54 2.6212
987.3 2.6077
986.06 2.5944
984.82 2.5811
983.58 2.5679
982.34 2.5547
981.11 2.5417
979.87 2.5287
978.63 2.5157
977.39 2.5028
976.15 2.49
974.91 2.4773
973.67 2.4646
972.44 2.452
971.2 2.4394
969.96 2.427
968.72 2.4145
967.48 2.4022
966.24 2.3899
965 2.3777
963.76 2.3655
962.53 2.3534
961.29 2.3414
960.05 2.3294
958.81 2.3175
957.57 2.3057
956.33 2.2939
955.09 2.2822
953.86 2.2705
952.62 2.2589
951.38 2.2474
950.14 2.2359
948.9 2.2245
947.66 2.2132
946.42 2.2019
945.19 2.1907
943.95 2.1795
942.71 2.1684
941.47 2.1574
940.23 2.1464
938.99 2.1354
937.75 2.1246
936.52 2.1138
935.28 2.103
934.04 2.0923
932.8 2.0817
931.56 2.0711
930.32 2.0606
929.08 2.0501
927.84 2.0397
926.61 2.0294
925.37 2.0191
924.13 2.0088
922.89 1.9987
921.65 1.9885
920.41 1.9785
919.17 1.9685
917.94 1.9585
916.7 1.9486
915.46 1.9387
914.22 1.929
912.98 1.9192
911.74 1.9095
910.5 1.8999
909.27 1.8903
908.03 1.8808
906.79 1.8713
905.55 1.8619
904.31 1.8526
903.07 1.8432
901.83 1.834
900.6 1.8248
899.36 1.8156
898.12 1.8065
896.88 1.7975
895.64 1.7885
894.4 1.7795
893.16 1.7706
891.93 1.7618
890.69 1.753
889.45 1.7442
888.21 1.7355
886.97 1.7269
885.73 1.7183
884.49 1.7098
883.25 1.7013
882.02 1.6928
880.78 1.6844
879.54 1.6761
878.3 1.6678
877.06 1.6595
875.82 1.6513
874.58 1.6431
873.35 1.635
872.11 1.627
870.87 1.619
869.63 1.611
868.39 1.6031
867.15 1.5952
865.91 1.5874
864.68 1.5796
863.44 1.5719
862.2 1.5642
860.96 1.5566
859.72 1.549
858.48 1.5414
857.24 1.5339
856.01 1.5265
854.77 1.5191
853.53 1.5117
852.29 1.5044
851.05 1.4971
849.81 1.4899
848.57 1.4827
847.34 1.4756
846.1 1.4685
844.86 1.4614
843.62 1.4544
842.38 1.4475
841.14 1.4405
839.9 1.4337
838.66 1.4268
837.43 1.42
836.19 1.4133
834.95 1.4066
833.71 1.3999
832.47 1.3933
831.23 1.3867
829.99 1.3802
828.76 1.3737
827.52 1.3673
826.28 1.3609
825.04 1.3545
823.8 1.3482
822.56 1.3419
821.32 1.3357
820.09 1.3295
818.85 1.3233
817.61 1.3172
816.37 1.3112
815.13 1.3051
813.89 1.2991
812.65 1.2932
811.42 1.2873
810.18 1.2814
808.94 1.2756
807.7 1.2698
806.46 1.2641
805.22 1.2584
803.98 1.2527
802.74 1.2471
801.51 1.2415
800.27 1.2359
799.03 1.2304
797.79 1.225
796.55 1.2196
795.31 1.2142
794.07 1.2088
792.84 1.2035
791.6 1.1983
790.36 1.193
789.12 1.1878
787.88 1.1827
786.64 1.1776
785.4 1.1725
784.17 1.1675
782.93 1.1625
781.69 1.1576
780.45 1.1526
779.21 1.1478
777.97 1.1429
776.73 1.1381
775.5 1.1334
774.26 1.1287
773.02 1.124
771.78 1.1193
770.54 1.1147
769.3 1.1102
768.06 1.1057
766.83 1.1012
765.59 1.0967
764.35 1.0923
763.11 1.0879
761.87 1.0836
760.63 1.0793
759.39 1.0751
758.15 1.0709
756.92 1.0667
755.68 1.0625
754.44 1.0584
753.2 1.0544
751.96 1.0504
750.72 1.0464
749.48 1.0424
748.25 1.0385
747.01 1.0347
745.77 1.0308
744.53 1.027
743.29 1.0233
742.05 1.0196
740.81 1.0159
739.58 1.0123
738.34 1.0087
737.1 1.0051
735.86 1.0016
734.62 0.99812
733.38 0.99468
732.14 0.99129
730.91 0.98793
729.67 0.98461
728.43 0.98133
727.19 0.97809
725.95 0.97489
724.71 0.97174
723.47 0.96862
722.23 0.96554
721 0.9625
719.76 0.95951
718.52 0.95655
717.28 0.95364
716.04 0.95077
714.8 0.94793
713.56 0.94514
712.33 0.9424
711.09 0.93969
709.85 0.93702
708.61 0.9344
707.37 0.93182
706.13 0.92929
704.89 0.92679
703.66 0.92434
702.42 0.92193
701.18 0.91957
699.94 0.91725
698.7 0.91497
697.46 0.91274
696.22 0.91056
694.99 0.90842
693.75 0.90632
692.51 0.90427
691.27 0.90227
690.03 0.90031
688.79 0.8984
687.55 0.89653
686.32 0.89472
685.08 0.89295
683.84 0.89123
682.6 0.88955
681.36 0.88793
680.12 0.88636
678.88 0.88483
677.64 0.88336
676.41 0.88194
675.17 0.88057
673.93 0.87925
672.69 0.87798
671.45 0.87677
670.21 0.87561
668.97 0.8745
667.74 0.87345
666.5 0.87245
665.26 0.87151
664.02 0.87063
662.78 0.8698
661.54 0.86903
660.3 0.86832
659.07 0.86767
657.83 0.86708
656.59 0.86655
655.35 0.86608
654.11 0.86567
652.87 0.86533
651.63 0.86505
650.4 0.86483
649.16 0.86469
647.92 0.86461
646.68 0.86459
645.44 0.86465
644.2 0.86477
642.96 0.86497
641.73 0.86524
640.49 0.86558
639.25 0.866
638.01 0.86649
636.77 0.86706
635.53 0.86771
634.29 0.86844
633.05 0.86925
631.82 0.87014
630.58 0.87111
629.34 0.87217
628.1 0.87332
626.86 0.87456
625.62 0.87589
624.38 0.87731
623.15 0.87882
621.91 0.88043
620.67 0.88214
619.43 0.88395
618.19 0.88586
616.95 0.88787
615.71 0.88999
614.48 0.89222
613.24 0.89456
612 0.89702
610.76 0.89959
609.52 0.90227
608.28 0.90508
607.04 0.90802
605.81 0.91108
604.57 0.91427
603.33 0.9176
602.09 0.92106
600.85 0.92466
599.61 0.92841
598.37 0.9323
597.13 0.93635
595.9 0.94055
594.66 0.94491
593.42 0.94943
592.18 0.95412
590.94 0.95898
589.7 0.96402
588.46 0.96924
587.23 0.97465
585.99 0.98026
584.75 0.98606
583.51 0.99206
582.27 0.99828
581.03 1.0047
579.79 1.0114
578.56 1.0183
577.32 1.0254
576.08 1.0327
574.84 1.0404
573.6 1.0482
572.36 1.0564
571.12 1.0648
569.89 1.0735
568.65 1.0826
567.41 1.0919
566.17 1.1015
564.93 1.1115
563.69 1.1218
562.45 1.1325
561.22 1.1435
559.98 1.1549
558.74 1.1667
557.5 1.1789
556.26 1.1916
555.02 1.2046
553.78 1.2182
552.54 1.2322
551.31 1.2467
550.07 1.2617
548.83 1.2773
547.59 1.2934
546.35 1.3101
545.11 1.3274
543.87 1.3454
542.64 1.364
541.4 1.3833
540.16 1.4033
538.92 1.4241
537.68 1.4456
536.44 1.468
535.2 1.4913
533.97 1.5154
532.73 1.5405
531.49 1.5666
530.25 1.5938
529.01 1.622
527.77 1.6515
526.53 1.6821
525.3 1.714
524.06 1.7473
522.82 1.782
521.58 1.8181
520.34 1.8559
519.1 1.8954
517.86 1.9366
516.62 1.9797
515.39 2.0248
514.15 2.0721
512.91 2.1215
511.67 2.1734
510.43 2.2277
509.19 2.2848
507.95 2.3448
506.72 2.4078
505.48 2.4741
504.24 2.5439
503 2.6174
501.76 2.695
500.52 2.7769
499.28 2.8635
498.05 2.955
496.81 3.0519
495.57 3.1546
494.33 3.2636
493.09 3.3793
491.85 3.5024
490.61 3.6336
489.38 3.7733
488.14 3.9226
486.9 4.0821
485.66 4.253
484.42 4.4362
483.18 4.633
481.94 4.8448
480.71 5.0729
479.47 5.3193
478.23 5.5858
476.99 5.8746
475.75 6.1884
474.51 6.5299
473.27 6.9024
472.03 7.3098
470.8 7.7565
469.56 8.2472
468.32 8.7881
467.08 9.3858
465.84 10.048
464.6 10.784
463.36 11.605
462.13 12.523
460.89 13.554
459.65 14.713
458.41 16.022
457.17 17.506
455.93 19.19
454.69 21.108
453.46 23.296
452.22 25.794
450.98 28.645
449.74 31.893
448.5 35.572
447.26 39.701
446.02 44.284
444.79 49.229
443.55 54.413
442.31 59.594
441.07 64.339
439.83 68.202
438.59 70.749
437.35 71.554
436.12 70.424
434.88 67.604
433.64 63.409
432.4 58.302
431.16 52.814
429.92 47.356
428.68 42.156
427.44 37.396
426.21 33.128
424.97 29.354
423.73 26.052
422.49 23.175
421.25 20.675
420.01 18.504
418.77 16.615
417.54 14.97
416.3 13.533
415.06 12.274
413.82 11.167
412.58 10.191
411.34 9.3282
410.1 8.5618
408.87 7.8794
407.63 7.2697
406.39 6.7233
405.15 6.2321
403.91 5.7893
402.67 5.3891
401.43 5.0262
400.2 4.6965
398.96 4.3962
397.72 4.1219
396.48 3.8709
395.24 3.6407
394 3.4291
392.76 3.2343
391.52 3.0545
390.29 2.8884
389.05 2.7345
387.81 2.5919
386.57 2.4593
385.33 2.336
384.09 2.2211
382.85 2.1139
381.62 2.0137
380.38 1.92
379.14 1.8322
377.9 1.7498
376.66 1.6725
375.42 1.5998
374.18 1.5313
372.95 1.4668
371.71 1.406
370.47 1.3486
369.23 1.2944
367.99 1.2431
366.75 1.1945
365.51 1.1485
364.28 1.1048
363.04 1.0634
361.8 1.024
360.56 0.98661
359.32 0.95103
358.08 0.91715
356.84 0.88487
355.61 0.85411
354.37 0.82476
353.13 0.79674
351.89 0.76998
350.65 0.74441
349.41 0.71995
348.17 0.69655
346.93 0.67414
345.7 0.65268
344.46 0.6321
343.22 0.61238
341.98 0.59345
340.74 0.57528
339.5 0.55783
338.26 0.54107
337.03 0.52495
335.79 0.50946
334.55 0.49454
333.31 0.48019
332.07 0.46637
330.83 0.45306
329.59 0.44023
328.36 0.42786
327.12 0.41592
325.88 0.40441
324.64 0.3933
323.4 0.38257
322.16 0.37221
320.92 0.3622
319.69 0.35253
318.45 0.34317
317.21 0.33412
315.97 0.32537
314.73 0.3169
313.49 0.3087
312.25 0.30076
311.01 0.29307
309.78 0.28561
308.54 0.27839
307.3 0.27139
306.06 0.2646
304.82 0.25802
303.58 0.25163
302.34 0.24543
301.11 0.23941
299.87 0.23357
298.63 0.22789
297.39 0.22238
296.15 0.21703
294.91 0.21182
293.67 0.20677
292.44 0.20185
291.2 0.19707
289.96 0.19242
288.72 0.18789
287.48 0.18349
286.24 0.17921
285 0.17504
283.77 0.17098
282.53 0.16703
281.29 0.16318
280.05 0.15943
278.81 0.15578
277.57 0.15222
276.33 0.14875
275.1 0.14537
273.86 0.14207
272.62 0.13886
271.38 0.13572
270.14 0.13267
268.9 0.12969
267.66 0.12678
266.42 0.12394
265.19 0.12117
263.95 0.11846
262.71 0.11583
261.47 0.11325
260.23 0.11073
258.99 0.10828
257.75 0.10588
256.52 0.10354
255.28 0.10125
254.04 0.099012
252.8 0.096828
251.56 0.094693
250.32 0.092607
249.08 0.090568
247.85 0.088575
246.61 0.086626
245.37 0.084721
244.13 0.082859
242.89 0.081038
241.65 0.079257
240.41 0.077515
239.18 0.075811
237.94 0.074145
236.7 0.072515
235.46 0.07092
234.22 0.06936
232.98 0.067833
231.74 0.066339
230.51 0.064877
229.27 0.063446
228.03 0.062045
226.79 0.060675
225.55 0.059333
224.31 0.058019
223.07 0.056733
221.83 0.055475
220.6 0.054242
219.36 0.053035
218.12 0.051853
216.88 0.050696
215.64 0.049563
214.4 0.048454
213.16 0.047367
211.93 0.046303
210.69 0.04526
209.45 0.044239
208.21 0.043239
206.97 0.04226
205.73 0.0413
204.49 0.04036
203.26 0.03944
202.02 0.038538
200.78 0.037654
199.54 0.036789
198.3 0.035941
197.06 0.03511
195.82 0.034296
194.59 0.033499
193.35 0.032718
192.11 0.031953
190.87 0.031203
189.63 0.030468
188.39 0.029749
187.15 0.029044
185.91 0.028353
184.68 0.027676
183.44 0.027013
182.2 0.026364
180.96 0.025727
179.72 0.025104
178.48 0.024493
177.24 0.023895
176.01 0.023309
174.77 0.022735
173.53 0.022172
172.29 0.021622
171.05 0.021082
169.81 0.020553
168.57 0.020036
167.34 0.019529
166.1 0.019032
164.86 0.018546
163.62 0.01807
162.38 0.017603
161.14 0.017147
159.9 0.0167
158.67 0.016262
157.43 0.015833
156.19 0.015414
154.95 0.015003
153.71 0.014601
152.47 0.014207
151.23 0.013822
150 0.013445
148.76 0.013076
147.52 0.012715
146.28 0.012361
145.04 0.012016
143.8 0.011678
142.56 0.011347
141.32 0.011023
140.09 0.010707
138.85 0.010398
137.61 0.010095
136.37 0.0097992
135.13 0.00951
133.89 0.0092272
132.65 0.0089509
131.42 0.0086808
130.18 0.0084169
128.94 0.0081591
127.7 0.0079072
126.46 0.0076611
125.22 0.0074208
123.98 0.0071862
