1401 1.4265
1399.8 1.4231
1398.5 1.4196
1397.3 1.4162
1396 1.4128
1394.8 1.4094
1393.6 1.406
1392.3 1.4026
1391.1 1.3992
1389.8 1.3958
1388.6 1.3924
1387.4 1.389
1386.1 1.3856
1384.9 1.3823
1383.7 1.3789
1382.4 1.3756
1381.2 1.3722
1379.9 1.3689
1378.7 1.3655
1377.5 1.3622
1376.2 1.3589
1375 1.3556
1373.7 1.3523
1372.5 1.349
1371.3 1.3457
1370 1.3424
1368.8 1.3391
1367.6 1.3358
1366.3 1.3326
1365.1 1.3293
1363.8 1.3261
1362.6 1.3228
1361.4 1.3196
1360.1 1.3163
1358.9 1.3131
1357.6 1.3099
1356.4 1.3067
1355.2 1.3034
1353.9 1.3002
1352.7 1.297
1351.5 1.2938
1350.2 1.2907
1349 1.2875
1347.7 1.2843
1346.5 1.2811
1345.3 1.278
1344 1.2748
1342.8 1.2717
1341.5 1.2685
1340.3 1.2654
1339.1 1.2623
1337.8 1.2592
1336.6 1.256
1335.3 1.2529
1334.1 1.2498
1332.9 1.2467
1331.6 1.2436
1330.4 1.2406
1329.2 1.2375
1327.9 1.2344
1326.7 1.2313
1325.4 1.2283
1324.2 1.2252
1323 1.2222
1321.7 1.2191
1320.5 1.2161
1319.2 1.2131
1318 1.2101
1316.8 1.207
1315.5 1.204
1314.3 1.201
1313.1 1.198
1311.8 1.195
1310.6 1.192
1309.3 1.1891
1308.1 1.1861
1306.9 1.1831
1305.6 1.1802
1304.4 1.1772
1303.1 1.1743
1301.9 1.1713
1300.7 1.1684
1299.4 1.1655
1298.2 1.1625
1297 1.1596
1295.7 1.1567
1294.5 1.1538
1293.2 1.1509
1292 1.148
1290.8 1.1451
1289.5 1.1423
1288.3 1.1394
1287 1.1365
1285.8 1.1337
1284.6 1.1308
1283.3 1.1279
1282.1 1.1251
1280.9 1.1223
1279.6 1.1194
1278.4 1.1166
1277.1 1.1138
1275.9 1.111
1274.7 1.1082
1273.4 1.1054
1272.2 1.1026
1270.9 1.0998
1269.7 1.097
1268.5 1.0942
1267.2 1.0915
1266 1.0887
1264.7 1.0859
1263.5 1.0832
1262.3 1.0804
1261 1.0777
1259.8 1.075
1258.6 1.0722
1257.3 1.0695
1256.1 1.0668
1254.8 1.0641
1253.6 1.0614
1252.4 1.0587
1251.1 1.056
1249.9 1.0533
1248.6 1.0506
1247.4 1.048
1246.2 1.0453
1244.9 1.0426
1243.7 1.04
1242.5 1.0373
1241.2 1.0347
1240 1.0321
1238.7 1.0294
1237.5 1.0268
1236.3 1.0242
1235 1.0216
1233.8 1.019
1232.5 1.0164
1231.3 1.0138
1230.1 1.0112
1228.8 1.0086
1227.6 1.006
1226.4 1.0034
1225.1 1.0009
1223.9 0.99832
1222.6 0.99576
1221.4 0.99322
1220.2 0.99067
1218.9 0.98814
1217.7 0.98561
1216.4 0.98308
1215.2 0.98057
1214 0.97805
1212.7 0.97555
1211.5 0.97305
1210.2 0.97055
1209 0.96806
1207.8 0.96558
1206.5 0.96311
1205.3 0.96063
1204.1 0.95817
1202.8 0.95571
1201.6 0.95326
1200.3 0.95081
1199.1 0.94837
1197.9 0.94593
1196.6 0.94351
1195.4 0.94108
1194.1 0.93866
1192.9 0.93625
1191.7 0.93385
1190.4 0.93145
1189.2 0.92905
1188 0.92666
1186.7 0.92428
1185.5 0.9219
1184.2 0.91953
1183 0.91717
1181.8 0.91481
1180.5 0.91246
1179.3 0.91011
1178 0.90777
1176.8 0.90543
1175.6 0.9031
1174.3 0.90078
1173.1 0.89846
1171.9 0.89615
1170.6 0.89384
1169.4 0.89154
1168.1 0.88924
1166.9 0.88695
1165.7 0.88467
1164.4 0.88239
1163.2 0.88012
1161.9 0.87786
1160.7 0.8756
1159.5 0.87334
1158.2 0.87109
1157 0.86885
1155.8 0.86661
1154.5 0.86438
1153.3 0.86216
1152 0.85994
1150.8 0.85772
1149.6 0.85552
1148.3 0.85331
1147.1 0.85112
1145.8 0.84893
1144.6 0.84674
1143.4 0.84456
1142.1 0.84239
1140.9 0.84022
1139.6 0.83806
1138.4 0.8359
1137.2 0.83375
1135.9 0.83161
1134.7 0.82947
1133.5 0.82734
1132.2 0.82521
1131 0.82309
1129.7 0.82097
1128.5 0.81886
1127.3 0.81676
1126 0.81466
1124.8 0.81257
1123.5 0.81048
1122.3 0.8084
1121.1 0.80632
1119.8 0.80425
1118.6 0.80219
1117.4 0.80013
1116.1 0.79808
1114.9 0.79603
1113.6 0.79399
1112.4 0.79196
1111.2 0.78993
1109.9 0.7879
1108.7 0.78588
1107.4 0.78387
1106.2 0.78186
1105 0.77986
1103.7 0.77787
1102.5 0.77588
1101.3 0.77389
1100 0.77192
1098.8 0.76994
1097.5 0.76798
1096.3 0.76602
1095.1 0.76406
1093.8 0.76211
1092.6 0.76017
1091.3 0.75823
1090.1 0.7563
1088.9 0.75437
1087.6 0.75245
1086.4 0.75053
1085.1 0.74862
1083.9 0.74672
1082.7 0.74482
1081.4 0.74293
1080.2 0.74104
1079 0.73916
1077.7 0.73729
1076.5 0.73542
1075.2 0.73355
1074 0.73169
1072.8 0.72984
1071.5 0.72799
1070.3 0.72615
1069 0.72432
1067.8 0.72249
1066.6 0.72066
1065.3 0.71884
1064.1 0.71703
1062.9 0.71523
1061.6 0.71342
1060.4 0.71163
1059.1 0.70984
1057.9 0.70805
1056.7 0.70628
1055.4 0.7045
1054.2 0.70274
1052.9 0.70097
1051.7 0.69922
1050.5 0.69747
1049.2 0.69572
1048 0.69399
1046.8 0.69225
1045.5 0.69053
1044.3 0.6888
1043 0.68709
1041.8 0.68538
1040.6 0.68367
1039.3 0.68198
1038.1 0.68028
1036.8 0.6786
1035.6 0.67691
1034.4 0.67524
1033.1 0.67357
1031.9 0.67191
1030.6 0.67025
1029.4 0.66859
1028.2 0.66695
1026.9 0.66531
1025.7 0.66367
1024.5 0.66204
1023.2 0.66042
1022 0.6588
1020.7 0.65718
1019.5 0.65558
1018.3 0.65398
1017 0.65238
1015.8 0.65079
1014.5 0.64921
1013.3 0.64763
1012.1 0.64606
1010.8 0.64449
1009.6 0.64293
1008.4 0.64137
1007.1 0.63982
1005.9 0.63828
1004.6 0.63674
1003.4 0.63521
1002.2 0.63368
1000.9 0.63216
999.68 0.63065
998.45 0.62914
997.21 0.62764
995.97 0.62614
994.73 0.62465
993.49 0.62316
992.25 0.62168
991.01 0.62021
989.78 0.61874
988.54 0.61728
987.3 0.61582
986.06 0.61437
984.82 0.61292
983.58 0.61148
982.34 0.61005
981.11 0.60862
979.87 0.6072
978.63 0.60578
977.39 0.60437
976.15 0.60297
974.91 0.60157
973.67 0.60018
972.44 0.59879
971.2 0.59741
969.96 0.59604
968.72 0.59467
967.48 0.5933
966.24 0.59195
965 0.5906
963.76 0.58925
962.53 0.58791
961.29 0.58658
960.05 0.58525
958.81 0.58393
957.57 0.58261
956.33 0.5813
955.09 0.58
953.86 0.5787
952.62 0.57741
951.38 0.57612
950.14 0.57484
948.9 0.57357
947.66 0.5723
946.42 0.57104
945.19 0.56978
943.95 0.56853
942.71 0.56729
941.47 0.56605
940.23 0.56482
938.99 0.56359
937.75 0.56237
936.52 0.56116
935.28 0.55995
934.04 0.55875
932.8 0.55755
931.56 0.55636
930.32 0.55518
929.08 0.554
927.84 0.55283
926.61 0.55167
925.37 0.55051
924.13 0.54936
922.89 0.54821
921.65 0.54707
920.41 0.54594
919.17 0.54481
917.94 0.54369
916.7 0.54257
915.46 0.54146
914.22 0.54036
912.98 0.53926
911.74 0.53817
910.5 0.53709
909.27 0.53601
908.03 0.53494
906.79 0.53387
905.55 0.53281
904.31 0.53176
903.07 0.53072
901.83 0.52968
900.6 0.52864
899.36 0.52762
898.12 0.52659
896.88 0.52558
895.64 0.52457
894.4 0.52357
893.16 0.52258
891.93 0.52159
890.69 0.52061
889.45 0.51963
888.21 0.51866
886.97 0.5177
885.73 0.51674
884.49 0.51579
883.25 0.51485
882.02 0.51392
880.78 0.51299
879.54 0.51206
878.3 0.51115
877.06 0.51024
875.82 0.50934
874.58 0.50844
873.35 0.50755
872.11 0.50667
870.87 0.50579
869.63 0.50492
868.39 0.50406
867.15 0.50321
865.91 0.50236
864.68 0.50152
863.44 0.50068
862.2 0.49985
860.96 0.49903
859.72 0.49822
858.48 0.49741
857.24 0.49661
856.01 0.49582
854.77 0.49503
853.53 0.49425
852.29 0.49348
851.05 0.49272
849.81 0.49196
848.57 0.49121
847.34 0.49047
846.1 0.48973
844.86 0.489
843.62 0.48828
842.38 0.48757
841.14 0.48686
839.9 0.48616
838.66 0.48547
837.43 0.48478
836.19 0.48411
834.95 0.48344
833.71 0.48277
832.47 0.48212
831.23 0.48147
829.99 0.48083
828.76 0.4802
827.52 0.47958
826.28 0.47896
825.04 0.47835
823.8 0.47775
822.56 0.47716
821.32 0.47657
820.09 0.47599
818.85 0.47542
817.61 0.47486
816.37 0.47431
815.13 0.47376
813.89 0.47322
812.65 0.47269
811.42 0.47217
810.18 0.47166
808.94 0.47115
807.7 0.47065
806.46 0.47017
805.22 0.46969
803.98 0.46921
802.74 0.46875
801.51 0.46829
800.27 0.46785
799.03 0.46741
797.79 0.46698
796.55 0.46656
795.31 0.46614
794.07 0.46574
792.84 0.46534
791.6 0.46496
790.36 0.46458
789.12 0.46421
787.88 0.46385
786.64 0.4635
785.4 0.46316
784.17 0.46283
782.93 0.4625
781.69 0.46219
780.45 0.46189
779.21 0.46159
777.97 0.4613
776.73 0.46103
775.5 0.46076
774.26 0.4605
773.02 0.46025
771.78 0.46002
770.54 0.45979
769.3 0.45957
768.06 0.45936
766.83 0.45916
765.59 0.45897
764.35 0.45879
763.11 0.45863
761.87 0.45847
760.63 0.45832
759.39 0.45818
758.15 0.45805
756.92 0.45794
755.68 0.45783
754.44 0.45774
753.2 0.45765
751.96 0.45758
750.72 0.45752
749.48 0.45746
748.25 0.45742
747.01 0.45739
745.77 0.45738
744.53 0.45737
743.29 0.45737
742.05 0.45739
740.81 0.45742
739.58 0.45746
738.34 0.45751
737.1 0.45757
735.86 0.45765
734.62 0.45773
733.38 0.45783
732.14 0.45794
730.91 0.45807
729.67 0.45821
728.43 0.45836
727.19 0.45852
725.95 0.45869
724.71 0.45888
723.47 0.45908
722.23 0.4593
721 0.45952
719.76 0.45977
718.52 0.46002
717.28 0.46029
716.04 0.46057
714.8 0.46087
713.56 0.46118
712.33 0.4615
711.09 0.46184
709.85 0.4622
708.61 0.46257
707.37 0.46295
706.13 0.46335
704.89 0.46376
703.66 0.46419
702.42 0.46463
701.18 0.46509
699.94 0.46557
698.7 0.46606
697.46 0.46657
696.22 0.46709
694.99 0.46763
693.75 0.46819
692.51 0.46876
691.27 0.46936
690.03 0.46996
688.79 0.47059
687.55 0.47123
686.32 0.47189
685.08 0.47257
683.84 0.47327
682.6 0.47399
681.36 0.47472
680.12 0.47547
678.88 0.47625
677.64 0.47704
676.41 0.47785
675.17 0.47868
673.93 0.47953
672.69 0.4804
671.45 0.48129
670.21 0.48221
668.97 0.48314
667.74 0.4841
666.5 0.48507
665.26 0.48607
664.02 0.48709
662.78 0.48814
661.54 0.4892
660.3 0.49029
659.07 0.4914
657.83 0.49254
656.59 0.4937
655.35 0.49488
654.11 0.49609
652.87 0.49733
651.63 0.49859
650.4 0.49987
649.16 0.50118
647.92 0.50252
646.68 0.50389
645.44 0.50528
644.2 0.5067
642.96 0.50815
641.73 0.50962
640.49 0.51113
639.25 0.51266
638.01 0.51423
636.77 0.51582
635.53 0.51745
634.29 0.5191
633.05 0.52079
631.82 0.52251
630.58 0.52426
629.34 0.52605
628.1 0.52787
626.86 0.52972
625.62 0.53161
624.38 0.53354
623.15 0.5355
621.91 0.53749
620.67 0.53953
619.43 0.5416
618.19 0.54371
616.95 0.54586
615.71 0.54804
614.48 0.55027
613.24 0.55254
612 0.55486
610.76 0.55721
609.52 0.55961
608.28 0.56205
607.04 0.56454
605.81 0.56707
604.57 0.56965
603.33 0.57227
602.09 0.57495
600.85 0.57767
599.61 0.58045
598.37 0.58327
597.13 0.58615
595.9 0.58908
594.66 0.59206
593.42 0.5951
592.18 0.59819
590.94 0.60135
589.7 0.60456
588.46 0.60783
587.23 0.61116
585.99 0.61455
584.75 0.61801
583.51 0.62153
582.27 0.62511
581.03 0.62877
579.79 0.63249
578.56 0.63628
577.32 0.64014
576.08 0.64408
574.84 0.64809
573.6 0.65218
572.36 0.65634
571.12 0.66059
569.89 0.66491
568.65 0.66932
567.41 0.67381
566.17 0.6784
564.93 0.68307
563.69 0.68783
562.45 0.69268
561.22 0.69763
559.98 0.70268
558.74 0.70782
557.5 0.71307
556.26 0.71843
555.02 0.72389
553.78 0.72946
552.54 0.73514
551.31 0.74094
550.07 0.74685
548.83 0.75289
547.59 0.75905
546.35 0.76534
545.11 0.77175
543.87 0.77831
542.64 0.785
541.4 0.79183
540.16 0.7988
538.92 0.80592
537.68 0.8132
536.44 0.82063
535.2 0.82822
533.97 0.83598
532.73 0.84391
531.49 0.85201
530.25 0.8603
529.01 0.86876
527.77 0.87742
526.53 0.88627
525.3 0.89532
524.06 0.90458
522.82 0.91405
521.58 0.92374
520.34 0.93366
519.1 0.94381
517.86 0.9542
516.62 0.96483
515.39 0.97572
514.15 0.98688
512.91 0.9983
511.67 1.01
510.43 1.022
509.19 1.0343
507.95 1.0469
506.72 1.0598
505.48 1.073
504.24 1.0866
503 1.1005
501.76 1.1148
500.52 1.1295
499.28 1.1445
498.05 1.16
496.81 1.1759
495.57 1.1922
494.33 1.2089
493.09 1.2261
491.85 1.2438
490.61 1.262
489.38 1.2807
488.14 1.2999
486.9 1.3197
485.66 1.34
484.42 1.361
483.18 1.3825
481.94 1.4047
480.71 1.4276
479.47 1.4512
478.23 1.4755
476.99 1.5006
475.75 1.5264
474.51 1.553
473.27 1.5806
472.03 1.6089
470.8 1.6383
469.56 1.6685
468.32 1.6998
467.08 1.7322
465.84 1.7656
464.6 1.8002
463.36 1.8359
462.13 1.873
460.89 1.9113
459.65 1.951
458.41 1.9921
457.17 2.0347
455.93 2.0789
454.69 2.1248
453.46 2.1724
452.22 2.2218
450.98 2.273
449.74 2.3263
448.5 2.3817
447.26 2.4392
446.02 2.4991
444.79 2.5614
443.55 2.6263
442.31 2.6938
441.07 2.7642
439.83 2.8375
438.59 2.914
437.35 2.9937
436.12 3.0769
434.88 3.1638
433.64 3.2545
432.4 3.3493
431.16 3.4483
429.92 3.5518
428.68 3.66
427.44 3.7733
426.21 3.8917
424.97 4.0157
423.73 4.1455
422.49 4.2813
421.25 4.4235
420.01 4.5724
418.77 4.7284
417.54 4.8916
416.3 5.0625
415.06 5.2413
413.82 5.4284
412.58 5.624
411.34 5.8283
410.1 6.0416
408.87 6.2642
407.63 6.4959
406.39 6.737
405.15 6.9873
403.91 7.2467
402.67 7.5148
401.43 7.7911
400.2 8.075
398.96 8.3654
397.72 8.6612
396.48 8.961
395.24 9.2629
394 9.5647
392.76 9.8639
391.52 10.158
390.29 10.443
389.05 10.716
387.81 10.973
386.57 11.209
385.33 11.422
384.09 11.606
382.85 11.758
381.62 11.874
380.38 11.952
379.14 11.989
377.9 11.982
376.66 11.932
375.42 11.839
374.18 11.704
372.95 11.529
371.71 11.317
370.47 11.071
369.23 10.796
367.99 10.495
366.75 10.174
365.51 9.8367
364.28 9.4875
363.04 9.1306
361.8 8.7699
360.56 8.4087
359.32 8.0501
358.08 7.6965
356.84 7.3501
355.61 7.0126
354.37 6.6853
353.13 6.3692
351.89 6.065
350.65 5.7732
349.41 5.4939
348.17 5.2273
346.93 4.9733
345.7 4.7317
344.46 4.5021
343.22 4.2842
341.98 4.0777
340.74 3.8819
339.5 3.6966
338.26 3.5212
337.03 3.3552
335.79 3.1982
334.55 3.0496
333.31 2.9091
332.07 2.7761
330.83 2.6503
329.59 2.5313
328.36 2.4186
327.12 2.3119
325.88 2.2108
324.64 2.1151
323.4 2.0244
322.16 1.9383
320.92 1.8567
319.69 1.7793
318.45 1.7058
317.21 1.636
315.97 1.5696
314.73 1.5066
313.49 1.4466
312.25 1.3896
311.01 1.3353
309.78 1.2835
308.54 1.2343
307.3 1.1873
306.06 1.1425
304.82 1.0998
303.58 1.059
302.34 1.0201
301.11 0.98291
299.87 0.94737
298.63 0.91338
297.39 0.88088
296.15 0.84978
294.91 0.82
293.67 0.79149
292.44 0.76417
291.2 0.73799
289.96 0.71288
288.72 0.68881
287.48 0.66571
286.24 0.64353
285 0.62224
283.77 0.60179
282.53 0.58213
281.29 0.56324
280.05 0.54508
278.81 0.52761
277.57 0.5108
276.33 0.49462
275.1 0.47905
273.86 0.46405
272.62 0.4496
271.38 0.43567
270.14 0.42225
268.9 0.40931
267.66 0.39682
266.42 0.38478
265.19 0.37316
263.95 0.36194
262.71 0.35111
261.47 0.34066
260.23 0.33055
258.99 0.32079
257.75 0.31136
256.52 0.30224
255.28 0.29342
254.04 0.28489
252.8 0.27664
251.56 0.26866
250.32 0.26094
249.08 0.25346
247.85 0.24622
246.61 0.23921
245.37 0.23242
244.13 0.22584
242.89 0.21947
241.65 0.21329
240.41 0.20731
239.18 0.20151
237.94 0.19588
236.7 0.19042
235.46 0.18513
234.22 0.17999
232.98 0.17501
231.74 0.17018
230.51 0.16549
229.27 0.16093
228.03 0.15651
226.79 0.15221
225.55 0.14805
224.31 0.14399
223.07 0.14006
221.83 0.13624
220.6 0.13252
219.36 0.12892
218.12 0.12541
216.88 0.122
215.64 0.11868
214.4 0.11546
213.16 0.11233
211.93 0.10928
210.69 0.10632
209.45 0.10344
208.21 0.10063
206.97 0.097905
205.73 0.095251
204.49 0.092669
203.26 0.090156
202.02 0.087711
200.78 0.085331
199.54 0.083014
198.3 0.080759
197.06 0.078564
195.82 0.076426
194.59 0.074345
193.35 0.072319
192.11 0.070346
190.87 0.068424
189.63 0.066553
188.39 0.06473
187.15 0.062955
185.91 0.061226
184.68 0.059541
183.44 0.0579
182.2 0.056301
180.96 0.054744
179.72 0.053227
178.48 0.051748
177.24 0.050308
176.01 0.048904
174.77 0.047536
173.53 0.046204
172.29 0.044905
171.05 0.043639
169.81 0.042406
168.57 0.041204
167.34 0.040033
166.1 0.038891
164.86 0.037779
163.62 0.036695
162.38 0.035638
161.14 0.034609
159.9 0.033605
158.67 0.032627
157.43 0.031674
156.19 0.030745
154.95 0.02984
153.71 0.028958
152.47 0.028099
151.23 0.027261
150 0.026445
148.76 0.02565
147.52 0.024875
146.28 0.02412
145.04 0.023384
143.8 0.022667
142.56 0.021969
141.32 0.021288
140.09 0.020626
138.85 0.01998
137.61 0.019351
136.37 0.018739
135.13 0.018143
133.89 0.017562
132.65 0.016996
131.42 0.016446
130.18 0.015909
128.94 0.015388
127.7 0.014879
126.46 0.014385
125.22 0.013903
123.98 0.013435
