1401 0.01062
1399.8 0.010591
1398.5 0.010563
1397.3 0.010535
1396 0.010507
1394.8 0.010479
1393.6 0.010452
1392.3 0.010424
1391.1 0.010396
1389.8 0.010368
1388.6 0.01034
1387.4 0.010313
1386.1 0.010285
1384.9 0.010258
1383.7 0.01023
1382.4 0.010203
1381.2 0.010175
1379.9 0.010148
1378.7 0.010121
1377.5 0.010094
1376.2 0.010066
1375 0.010039
1373.7 0.010012
1372.5 0.0099851
1371.3 0.0099581
1370 0.0099311
1368.8 0.0099042
1367.6 0.0098774
1366.3 0.0098506
1365.1 0.0098238
1363.8 0.0097971
1362.6 0.0097705
1361.4 0.0097439
1360.1 0.0097173
1358.9 0.0096908
1357.6 0.0096643
1356.4 0.0096379
1355.2 0.0096116
1353.9 0.0095852
1352.7 0.009559
1351.5 0.0095327
1350.2 0.0095066
1349 0.0094804
1347.7 0.0094544
1346.5 0.0094283
1345.3 0.0094024
1344 0.0093764
1342.8 0.0093505
1341.5 0.0093247
1340.3 0.0092989
1339.1 0.0092732
1337.8 0.0092475
1336.6 0.0092218
1335.3 0.0091962
1334.1 0.0091706
1332.9 0.0091451
1331.6 0.0091197
1330.4 0.0090943
1329.2 0.0090689
1327.9 0.0090436
1326.7 0.0090183
1325.4 0.0089931
1324.2 0.0089679
1323 0.0089428
1321.7 0.0089177
1320.5 0.0088927
1319.2 0.0088677
1318 0.0088427
1316.8 0.0088178
1315.5 0.008793
1314.3 0.0087682
1313.1 0.0087434
1311.8 0.0087187
1310.6 0.0086941
1309.3 0.0086694
1308.1 0.0086449
1306.9 0.0086203
1305.6 0.0085959
1304.4 0.0085714
1303.1 0.0085471
1301.9 0.0085227
1300.7 0.0084984
1299.4 0.0084742
1298.2 0.00845
1297 0.0084258
1295.7 0.0084017
1294.5 0.0083777
1293.2 0.0083536
1292 0.0083297
1290.8 0.0083058
1289.5 0.0082819
1288.3 0.008258
1287 0.0082343
1285.8 0.0082105
1284.6 0.0081868
1283.3 0.0081632
1282.1 0.0081396
1280.9 0.008116
1279.6 0.0080925
1278.4 0.008069
1277.1 0.0080456
1275.9 0.0080222
1274.7 0.0079989
1273.4 0.0079756
1272.2 0.0079524
1270.9 0.0079292
1269.7 0.007906
1268.5 0.0078829
1267.2 0.0078599
1266 0.0078368
1264.7 0.0078139
1263.5 0.0077909
1262.3 0.0077681
1261 0.0077452
1259.8 0.0077224
1258.6 0.0076997
1257.3 0.007677
1256.1 0.0076543
1254.8 0.0076317
1253.6 0.0076092
1252.4 0.0075866
1251.1 0.0075642
1249.9 0.0075417
1248.6 0.0075193
1247.4 0.007497
1246.2 0.0074747
1244.9 0.0074524
1243.7 0.0074302
1242.5 0.007408
1241.2 0.0073859
1240 0.0073638
1238.7 0.0073418
1237.5 0.0073198
1236.3 0.0072979
1235 0.007276
1233.8 0.0072541
1232.5 0.0072323
1231.3 0.0072105
1230.1 0.0071888
1228.8 0.0071671
1227.6 0.0071454
1226.4 0.0071238
1225.1 0.0071023
1223.9 0.0070808
1222.6 0.0070593
1221.4 0.0070379
1220.2 0.0070165
1218.9 0.0069952
1217.7 0.0069739
1216.4 0.0069526
1215.2 0.0069314
1214 0.0069102
1212.7 0.0068891
1211.5 0.006868
1210.2 0.006847
1209 0.006826
1207.8 0.0068051
1206.5 0.0067842
1205.3 0.0067633
1204.1 0.0067425
1202.8 0.0067217
1201.6 0.006701
1200.3 0.0066803
1199.1 0.0066596
1197.9 0.006639
1196.6 0.0066184
1195.4 0.0065979
1194.1 0.0065774
1192.9 0.006557
1191.7 0.0065366
1190.4 0.0065162
1189.2 0.0064959
1188 0.0064757
1186.7 0.0064554
1185.5 0.0064352
1184.2 0.0064151
1183 0.006395
1181.8 0.0063749
1180.5 0.0063549
1179.3 0.006335
1178 0.006315
1176.8 0.0062951
1175.6 0.0062753
1174.3 0.0062555
1173.1 0.0062357
1171.9 0.006216
1170.6 0.0061963
1169.4 0.0061767
1168.1 0.0061571
1166.9 0.0061375
1165.7 0.006118
1164.4 0.0060985
1163.2 0.0060791
1161.9 0.0060597
1160.7 0.0060403
1159.5 0.006021
1158.2 0.0060018
1157 0.0059825
1155.8 0.0059633
1154.5 0.0059442
1153.3 0.0059251
1152 0.005906
1150.8 0.005887
1149.6 0.005868
1148.3 0.0058491
1147.1 0.0058302
1145.8 0.0058113
1144.6 0.0057925
1143.4 0.0057737
1142.1 0.005755
1140.9 0.0057363
1139.6 0.0057176
1138.4 0.005699
1137.2 0.0056804
1135.9 0.0056619
1134.7 0.0056434
1133.5 0.005625
1132.2 0.0056065
1131 0.0055882
1129.7 0.0055698
1128.5 0.0055515
1127.3 0.0055333
1126 0.0055151
1124.8 0.0054969
1123.5 0.0054788
1122.3 0.0054607
1121.1 0.0054426
1119.8 0.0054246
1118.6 0.0054066
1117.4 0.0053887
1116.1 0.0053708
1114.9 0.0053529
1113.6 0.0053351
1112.4 0.0053173
1111.2 0.0052996
1109.9 0.0052819
1108.7 0.0052643
1107.4 0.0052466
1106.2 0.0052291
1105 0.0052115
1103.7 0.005194
1102.5 0.0051766
1101.3 0.0051591
1100 0.0051418
1098.8 0.0051244
1097.5 0.0051071
1096.3 0.0050898
1095.1 0.0050726
1093.8 0.0050554
1092.6 0.0050383
1091.3 0.0050212
1090.1 0.0050041
1088.9 0.0049871
1087.6 0.0049701
1086.4 0.0049531
1085.1 0.0049362
1083.9 0.0049193
1082.7 0.0049025
1081.4 0.0048857
1080.2 0.0048689
1079 0.0048522
1077.7 0.0048355
1076.5 0.0048188
1075.2 0.0048022
1074 0.0047857
1072.8 0.0047691
1071.5 0.0047526
1070.3 0.0047362
1069 0.0047198
1067.8 0.0047034
1066.6 0.004687
1065.3 0.0046707
1064.1 0.0046545
1062.9 0.0046382
1061.6 0.004622
1060.4 0.0046059
1059.1 0.0045898
1057.9 0.0045737
1056.7 0.0045576
1055.4 0.0045416
1054.2 0.0045257
1052.9 0.0045097
1051.7 0.0044939
1050.5 0.004478
1049.2 0.0044622
1048 0.0044464
1046.8 0.0044307
1045.5 0.004415
1044.3 0.0043993
1043 0.0043837
1041.8 0.0043681
1040.6 0.0043525
1039.3 0.004337
1038.1 0.0043215
1036.8 0.0043061
1035.6 0.0042906
1034.4 0.0042753
1033.1 0.0042599
1031.9 0.0042446
1030.6 0.0042294
1029.4 0.0042141
1028.2 0.004199
1026.9 0.0041838
1025.7 0.0041687
1024.5 0.0041536
1023.2 0.0041386
1022 0.0041236
1020.7 0.0041086
1019.5 0.0040937
1018.3 0.0040788
1017 0.0040639
1015.8 0.0040491
1014.5 0.0040343
1013.3 0.0040195
1012.1 0.0040048
1010.8 0.0039901
1009.6 0.0039755
1008.4 0.0039609
1007.1 0.0039463
1005.9 0.0039318
1004.6 0.0039173
1003.4 0.0039028
1002.2 0.0038884
1000.9 0.003874
999.68 0.0038596
998.45 0.0038453
997.21 0.003831
995.97 0.0038167
994.73 0.0038025
993.49 0.0037883
992.25 0.0037742
991.01 0.0037601
989.78 0.003746
988.54 0.0037319
987.3 0.0037179
986.06 0.003704
984.82 0.00369
983.58 0.0036761
982.34 0.0036623
981.11 0.0036484
979.87 0.0036346
978.63 0.0036209
977.39 0.0036071
976.15 0.0035934
974.91 0.0035798
973.67 0.0035662
972.44 0.0035526
971.2 0.003539
969.96 0.0035255
968.72 0.003512
967.48 0.0034986
966.24 0.0034852
965 0.0034718
963.76 0.0034584
962.53 0.0034451
961.29 0.0034318
960.05 0.0034186
958.81 0.0034054
957.57 0.0033922
956.33 0.003379
955.09 0.0033659
953.86 0.0033529
952.62 0.0033398
951.38 0.0033268
950.14 0.0033138
948.9 0.0033009
947.66 0.003288
946.42 0.0032751
945.19 0.0032623
943.95 0.0032495
942.71 0.0032367
941.47 0.003224
940.23 0.0032113
938.99 0.0031986
937.75 0.003186
936.52 0.0031733
935.28 0.0031608
934.04 0.0031482
932.8 0.0031357
931.56 0.0031233
930.32 0.0031108
929.08 0.0030984
927.84 0.003086
926.61 0.0030737
925.37 0.0030614
924.13 0.0030491
922.89 0.0030369
921.65 0.0030247
920.41 0.0030125
919.17 0.0030004
917.94 0.0029882
916.7 0.0029762
915.46 0.0029641
914.22 0.0029521
912.98 0.0029401
911.74 0.0029282
910.5 0.0029163
909.27 0.0029044
908.03 0.0028925
906.79 0.0028807
905.55 0.0028689
904.31 0.0028572
903.07 0.0028455
901.83 0.0028338
900.6 0.0028221
899.36 0.0028105
898.12 0.0027989
896.88 0.0027873
895.64 0.0027758
894.4 0.0027643
893.16 0.0027528
891.93 0.0027414
890.69 0.00273
889.45 0.0027186
888.21 0.0027073
886.97 0.002696
885.73 0.0026847
884.49 0.0026735
883.25 0.0026622
882.02 0.0026511
880.78 0.0026399
879.54 0.0026288
878.3 0.0026177
877.06 0.0026066
875.82 0.0025956
874.58 0.0025846
873.35 0.0025737
872.11 0.0025627
870.87 0.0025518
869.63 0.002541
868.39 0.0025301
867.15 0.0025193
865.91 0.0025085
864.68 0.0024978
863.44 0.0024871
862.2 0.0024764
860.96 0.0024657
859.72 0.0024551
858.48 0.0024445
857.24 0.0024339
856.01 0.0024234
854.77 0.0024129
853.53 0.0024024
852.29 0.002392
851.05 0.0023816
849.81 0.0023712
848.57 0.0023608
847.34 0.0023505
846.1 0.0023402
844.86 0.00233
843.62 0.0023197
842.38 0.0023095
841.14 0.0022994
839.9 0.0022892
838.66 0.0022791
837.43 0.002269
836.19 0.002259
834.95 0.002249
833.71 0.002239
832.47 0.002229
831.23 0.0022191
829.99 0.0022092
828.76 0.0021993
827.52 0.0021895
826.28 0.0021796
825.04 0.0021699
823.8 0.0021601
822.56 0.0021504
821.32 0.0021407
820.09 0.002131
818.85 0.0021214
817.61 0.0021118
816.37 0.0021022
815.13 0.0020926
813.89 0.0020831
812.65 0.0020736
811.42 0.0020641
810.18 0.0020547
808.94 0.0020453
807.7 0.0020359
806.46 0.0020266
805.22 0.0020172
803.98 0.0020079
802.74 0.0019987
801.51 0.0019894
800.27 0.0019802
799.03 0.0019711
797.79 0.0019619
796.55 0.0019528
795.31 0.0019437
794.07 0.0019346
792.84 0.0019256
791.6 0.0019166
790.36 0.0019076
789.12 0.0018986
787.88 0.0018897
786.64 0.0018808
785.4 0.001872
784.17 0.0018631
782.93 0.0018543
781.69 0.0018455
780.45 0.0018368
779.21 0.001828
777.97 0.0018193
776.73 0.0018107
775.5 0.001802
774.26 0.0017934
773.02 0.0017848
771.78 0.0017762
770.54 0.0017677
769.3 0.0017592
768.06 0.0017507
766.83 0.0017422
765.59 0.0017338
764.35 0.0017254
763.11 0.001717
761.87 0.0017087
760.63 0.0017004
759.39 0.0016921
758.15 0.0016838
756.92 0.0016756
755.68 0.0016674
754.44 0.0016592
753.2 0.001651
751.96 0.0016429
750.72 0.0016348
749.48 0.0016267
748.25 0.0016187
747.01 0.0016106
745.77 0.0016026
744.53 0.0015947
743.29 0.0015867
742.05 0.0015788
740.81 0.0015709
739.58 0.0015631
738.34 0.0015552
737.1 0.0015474
735.86 0.0015396
734.62 0.0015319
733.38 0.0015241
732.14 0.0015164
730.91 0.0015087
729.67 0.0015011
728.43 0.0014934
727.19 0.0014858
725.95 0.0014783
724.71 0.0014707
723.47 0.0014632
722.23 0.0014557
721 0.0014482
719.76 0.0014408
718.52 0.0014333
717.28 0.0014259
716.04 0.0014186
714.8 0.0014112
713.56 0.0014039
712.33 0.0013966
711.09 0.0013893
709.85 0.0013821
708.61 0.0013749
707.37 0.0013677
706.13 0.0013605
704.89 0.0013533
703.66 0.0013462
702.42 0.0013391
701.18 0.0013321
699.94 0.001325
698.7 0.001318
697.46 0.001311
696.22 0.001304
694.99 0.0012971
693.75 0.0012902
692.51 0.0012833
691.27 0.0012764
690.03 0.0012695
688.79 0.0012627
687.55 0.0012559
686.32 0.0012491
685.08 0.0012424
683.84 0.0012357
682.6 0.001229
681.36 0.0012223
680.12 0.0012156
678.88 0.001209
677.64 0.0012024
676.41 0.0011958
675.17 0.0011893
673.93 0.0011827
672.69 0.0011762
671.45 0.0011697
670.21 0.0011633
668.97 0.0011568
667.74 0.0011504
666.5 0.001144
665.26 0.0011377
664.02 0.0011313
662.78 0.001125
661.54 0.0011187
660.3 0.0011124
659.07 0.0011062
657.83 0.0011
656.59 0.0010938
655.35 0.0010876
654.11 0.0010814
652.87 0.0010753
651.63 0.0010692
650.4 0.0010631
649.16 0.0010571
647.92 0.001051
646.68 0.001045
645.44 0.001039
644.2 0.001033
642.96 0.0010271
641.73 0.0010212
640.49 0.0010153
639.25 0.0010094
638.01 0.0010035
636.77 0.0009977
635.53 0.00099189
634.29 0.0009861
633.05 0.00098034
631.82 0.00097459
630.58 0.00096887
629.34 0.00096318
628.1 0.0009575
626.86 0.00095185
625.62 0.00094622
624.38 0.00094061
623.15 0.00093502
621.91 0.00092946
620.67 0.00092392
619.43 0.0009184
618.19 0.0009129
616.95 0.00090742
615.71 0.00090197
614.48 0.00089654
613.24 0.00089113
612 0.00088574
610.76 0.00088037
609.52 0.00087503
608.28 0.00086971
607.04 0.0008644
605.81 0.00085912
604.57 0.00085387
603.33 0.00084863
602.09 0.00084341
600.85 0.00083822
599.61 0.00083305
598.37 0.0008279
597.13 0.00082277
595.9 0.00081766
594.66 0.00081257
593.42 0.0008075
592.18 0.00080246
590.94 0.00079743
589.7 0.00079243
588.46 0.00078745
587.23 0.00078249
585.99 0.00077755
584.75 0.00077263
583.51 0.00076773
582.27 0.00076285
581.03 0.00075799
579.79 0.00075315
578.56 0.00074834
577.32 0.00074354
576.08 0.00073877
574.84 0.00073401
573.6 0.00072928
572.36 0.00072456
571.12 0.00071987
569.89 0.0007152
568.65 0.00071055
567.41 0.00070591
566.17 0.0007013
564.93 0.00069671
563.69 0.00069214
562.45 0.00068758
561.22 0.00068305
559.98 0.00067854
558.74 0.00067405
557.5 0.00066957
556.26 0.00066512
555.02 0.00066069
553.78 0.00065628
552.54 0.00065188
551.31 0.00064751
550.07 0.00064315
548.83 0.00063882
547.59 0.00063451
546.35 0.00063021
545.11 0.00062593
543.87 0.00062168
542.64 0.00061744
541.4 0.00061322
540.16 0.00060902
538.92 0.00060484
537.68 0.00060068
536.44 0.00059654
535.2 0.00059242
533.97 0.00058832
532.73 0.00058423
531.49 0.00058017
530.25 0.00057612
529.01 0.00057209
527.77 0.00056808
526.53 0.00056409
525.3 0.00056012
524.06 0.00055617
522.82 0.00055224
521.58 0.00054832
520.34 0.00054442
519.1 0.00054054
517.86 0.00053668
516.62 0.00053284
515.39 0.00052902
514.15 0.00052522
512.91 0.00052143
511.67 0.00051766
510.43 0.00051391
509.19 0.00051018
507.95 0.00050647
506.72 0.00050277
505.48 0.00049909
504.24 0.00049543
503 0.00049179
501.76 0.00048817
500.52 0.00048456
499.28 0.00048097
498.05 0.0004774
496.81 0.00047385
495.57 0.00047031
494.33 0.0004668
493.09 0.0004633
491.85 0.00045981
490.61 0.00045635
489.38 0.0004529
488.14 0.00044947
486.9 0.00044606
485.66 0.00044266
484.42 0.00043929
483.18 0.00043593
481.94 0.00043258
480.71 0.00042926
479.47 0.00042595
478.23 0.00042265
476.99 0.00041938
475.75 0.00041612
474.51 0.00041288
473.27 0.00040965
472.03 0.00040645
470.8 0.00040325
469.56 0.00040008
468.32 0.00039692
467.08 0.00039378
465.84 0.00039066
464.6 0.00038755
463.36 0.00038446
462.13 0.00038138
460.89 0.00037833
459.65 0.00037528
458.41 0.00037226
457.17 0.00036925
455.93 0.00036626
454.69 0.00036328
453.46 0.00036032
452.22 0.00035738
450.98 0.00035445
449.74 0.00035153
448.5 0.00034864
447.26 0.00034576
446.02 0.00034289
444.79 0.00034004
443.55 0.00033721
442.31 0.00033439
441.07 0.00033159
439.83 0.00032881
438.59 0.00032604
437.35 0.00032328
436.12 0.00032055
434.88 0.00031782
433.64 0.00031511
432.4 0.00031242
431.16 0.00030974
429.92 0.00030708
428.68 0.00030444
427.44 0.00030181
426.21 0.00029919
424.97 0.00029659
423.73 0.000294
422.49 0.00029143
421.25 0.00028888
420.01 0.00028634
418.77 0.00028381
417.54 0.0002813
416.3 0.0002788
415.06 0.00027632
413.82 0.00027386
412.58 0.00027141
411.34 0.00026897
410.1 0.00026655
408.87 0.00026414
407.63 0.00026175
406.39 0.00025937
405.15 0.000257
403.91 0.00025465
402.67 0.00025232
401.43 0.00025
400.2 0.00024769
398.96 0.0002454
397.72 0.00024312
396.48 0.00024085
395.24 0.0002386
394 0.00023637
392.76 0.00023415
391.52 0.00023194
390.29 0.00022974
389.05 0.00022756
387.81 0.0002254
386.57 0.00022324
385.33 0.0002211
384.09 0.00021898
382.85 0.00021687
381.62 0.00021477
380.38 0.00021269
379.14 0.00021061
377.9 0.00020856
376.66 0.00020651
375.42 0.00020448
374.18 0.00020247
372.95 0.00020046
371.71 0.00019847
370.47 0.00019649
369.23 0.00019453
367.99 0.00019258
366.75 0.00019064
365.51 0.00018872
364.28 0.0001868
363.04 0.0001849
361.8 0.00018302
360.56 0.00018115
359.32 0.00017928
358.08 0.00017744
356.84 0.0001756
355.61 0.00017378
354.37 0.00017197
353.13 0.00017017
351.89 0.00016839
350.65 0.00016662
349.41 0.00016486
348.17 0.00016311
346.93 0.00016138
345.7 0.00015965
344.46 0.00015794
343.22 0.00015625
341.98 0.00015456
340.74 0.00015289
339.5 0.00015123
338.26 0.00014958
337.03 0.00014794
335.79 0.00014632
334.55 0.0001447
333.31 0.0001431
332.07 0.00014151
330.83 0.00013993
329.59 0.00013837
328.36 0.00013681
327.12 0.00013527
325.88 0.00013374
324.64 0.00013222
323.4 0.00013071
322.16 0.00012922
320.92 0.00012773
319.69 0.00012626
318.45 0.0001248
317.21 0.00012335
315.97 0.00012191
314.73 0.00012048
313.49 0.00011906
312.25 0.00011766
311.01 0.00011626
309.78 0.00011488
308.54 0.00011351
307.3 0.00011215
306.06 0.0001108
304.82 0.00010946
303.58 0.00010813
302.34 0.00010681
301.11 0.0001055
299.87 0.00010421
298.63 0.00010292
297.39 0.00010164
296.15 0.00010038
294.91 9.9125e-05
293.67 9.7882e-05
292.44 9.6648e-05
291.2 9.5426e-05
289.96 9.4213e-05
288.72 9.3011e-05
287.48 9.1819e-05
286.24 9.0637e-05
285 8.9466e-05
283.77 8.8304e-05
282.53 8.7153e-05
281.29 8.6012e-05
280.05 8.4881e-05
278.81 8.376e-05
277.57 8.2648e-05
276.33 8.1547e-05
275.1 8.0455e-05
273.86 7.9373e-05
272.62 7.8301e-05
271.38 7.7239e-05
270.14 7.6186e-05
268.9 7.5143e-05
267.66 7.4109e-05
266.42 7.3085e-05
265.19 7.2071e-05
263.95 7.1066e-05
262.71 7.007e-05
261.47 6.9083e-05
260.23 6.8106e-05
258.99 6.7138e-05
257.75 6.618e-05
256.52 6.523e-05
255.28 6.429e-05
254.04 6.3359e-05
252.8 6.2436e-05
251.56 6.1523e-05
250.32 6.0619e-05
249.08 5.9724e-05
247.85 5.8837e-05
246.61 5.7959e-05
245.37 5.709e-05
244.13 5.623e-05
242.89 5.5379e-05
241.65 5.4536e-05
240.41 5.3702e-05
239.18 5.2876e-05
237.94 5.2059e-05
236.7 5.125e-05
235.46 5.0449e-05
234.22 4.9658e-05
232.98 4.8874e-05
231.74 4.8099e-05
230.51 4.7331e-05
229.27 4.6573e-05
228.03 4.5822e-05
226.79 4.5079e-05
225.55 4.4345e-05
224.31 4.3618e-05
223.07 4.2899e-05
221.83 4.2189e-05
220.6 4.1486e-05
219.36 4.0791e-05
218.12 4.0104e-05
216.88 3.9425e-05
215.64 3.8753e-05
214.4 3.8089e-05
213.16 3.7433e-05
211.93 3.6784e-05
210.69 3.6143e-05
209.45 3.5509e-05
208.21 3.4883e-05
206.97 3.4264e-05
205.73 3.3653e-05
204.49 3.3049e-05
203.26 3.2452e-05
202.02 3.1862e-05
200.78 3.128e-05
199.54 3.0704e-05
198.3 3.0136e-05
197.06 2.9575e-05
195.82 2.9021e-05
194.59 2.8473e-05
193.35 2.7933e-05
192.11 2.74e-05
190.87 2.6873e-05
189.63 2.6353e-05
188.39 2.584e-05
187.15 2.5334e-05
185.91 2.4834e-05
184.68 2.4341e-05
183.44 2.3855e-05
182.2 2.3375e-05
180.96 2.2901e-05
179.72 2.2434e-05
178.48 2.1974e-05
177.24 2.1519e-05
176.01 2.1071e-05
174.77 2.063e-05
173.53 2.0194e-05
172.29 1.9765e-05
171.05 1.9342e-05
169.81 1.8925e-05
168.57 1.8513e-05
167.34 1.8108e-05
166.1 1.7709e-05
164.86 1.7316e-05
163.62 1.6929e-05
162.38 1.6547e-05
161.14 1.6171e-05
159.9 1.5801e-05
158.67 1.5437e-05
157.43 1.5078e-05
156.19 1.4725e-05
154.95 1.4378e-05
153.71 1.4035e-05
152.47 1.3699e-05
151.23 1.3368e-05
150 1.3042e-05
148.76 1.2722e-05
147.52 1.2406e-05
146.28 1.2097e-05
145.04 1.1792e-05
143.8 1.1492e-05
142.56 1.1198e-05
141.32 1.0909e-05
140.09 1.0624e-05
138.85 1.0345e-05
137.61 1.0071e-05
136.37 9.8011e-06
135.13 9.5364e-06
133.89 9.2766e-06
132.65 9.0215e-06
131.42 8.7712e-06
130.18 8.5255e-06
128.94 8.2845e-06
127.7 8.048e-06
126.46 7.8161e-06
125.22 7.5887e-06
123.98 7.3657e-06