1401 -47.353
1399.8 -47.261
1398.5 -47.169
1397.3 -47.077
1396 -46.985
1394.8 -46.893
1393.6 -46.801
1392.3 -46.709
1391.1 -46.618
1389.8 -46.526
1388.6 -46.434
1387.4 -46.343
1386.1 -46.252
1384.9 -46.16
1383.7 -46.069
1382.4 -45.978
1381.2 -45.887
1379.9 -45.796
1378.7 -45.705
1377.5 -45.614
1376.2 -45.524
1375 -45.433
1373.7 -45.343
1372.5 -45.252
1371.3 -45.162
1370 -45.071
1368.8 -44.981
1367.6 -44.891
1366.3 -44.801
1365.1 -44.711
1363.8 -44.621
1362.6 -44.531
1361.4 -44.442
1360.1 -44.352
1358.9 -44.262
1357.6 -44.173
1356.4 -44.083
1355.2 -43.994
1353.9 -43.905
1352.7 -43.816
1351.5 -43.727
1350.2 -43.637
1349 -43.549
1347.7 -43.46
1346.5 -43.371
1345.3 -43.282
1344 -43.194
1342.8 -43.105
1341.5 -43.017
1340.3 -42.928
1339.1 -42.84
1337.8 -42.752
1336.6 -42.664
1335.3 -42.576
1334.1 -42.488
1332.9 -42.4
1331.6 -42.312
1330.4 -42.224
1329.2 -42.136
1327.9 -42.049
1326.7 -41.961
1325.4 -41.874
1324.2 -41.787
1323 -41.699
1321.7 -41.612
1320.5 -41.525
1319.2 -41.438
1318 -41.351
1316.8 -41.264
1315.5 -41.177
1314.3 -41.091
1313.1 -41.004
1311.8 -40.918
1310.6 -40.831
1309.3 -40.745
1308.1 -40.659
1306.9 -40.572
1305.6 -40.486
1304.4 -40.4
1303.1 -40.314
1301.9 -40.228
1300.7 -40.142
1299.4 -40.057
1298.2 -39.971
1297 -39.885
1295.7 -39.8
1294.5 -39.715
1293.2 -39.629
1292 -39.544
1290.8 -39.459
1289.5 -39.374
1288.3 -39.289
1287 -39.204
1285.8 -39.119
1284.6 -39.034
1283.3 -38.949
1282.1 -38.865
1280.9 -38.78
1279.6 -38.696
1278.4 -38.612
1277.1 -38.527
1275.9 -38.443
1274.7 -38.359
1273.4 -38.275
1272.2 -38.191
1270.9 -38.107
1269.7 -38.023
1268.5 -37.939
1267.2 -37.856
1266 -37.772
1264.7 -37.689
1263.5 -37.605
1262.3 -37.522
1261 -37.439
1259.8 -37.356
1258.6 -37.272
1257.3 -37.189
1256.1 -37.106
1254.8 -37.024
1253.6 -36.941
1252.4 -36.858
1251.1 -36.776
1249.9 -36.693
1248.6 -36.611
1247.4 -36.528
1246.2 -36.446
1244.9 -36.364
1243.7 -36.282
1242.5 -36.199
1241.2 -36.118
1240 -36.036
1238.7 -35.954
1237.5 -35.872
1236.3 -35.79
1235 -35.709
1233.8 -35.627
1232.5 -35.546
1231.3 -35.465
1230.1 -35.383
1228.8 -35.302
1227.6 -35.221
1226.4 -35.14
1225.1 -35.059
1223.9 -34.978
1222.6 -34.897
1221.4 -34.817
1220.2 -34.736
1218.9 -34.656
1217.7 -34.575
1216.4 -34.495
1215.2 -34.414
1214 -34.334
1212.7 -34.254
1211.5 -34.174
1210.2 -34.094
1209 -34.014
1207.8 -33.934
1206.5 -33.855
1205.3 -33.775
1204.1 -33.695
1202.8 -33.616
1201.6 -33.536
1200.3 -33.457
1199.1 -33.378
1197.9 -33.299
1196.6 -33.22
1195.4 -33.141
1194.1 -33.062
1192.9 -32.983
1191.7 -32.904
1190.4 -32.825
1189.2 -32.747
1188 -32.668
1186.7 -32.59
1185.5 -32.511
1184.2 -32.433
1183 -32.355
1181.8 -32.277
1180.5 -32.198
1179.3 -32.12
1178 -32.043
1176.8 -31.965
1175.6 -31.887
1174.3 -31.809
1173.1 -31.732
1171.9 -31.654
1170.6 -31.577
1169.4 -31.499
1168.1 -31.422
1166.9 -31.345
1165.7 -31.268
1164.4 -31.191
1163.2 -31.114
1161.9 -31.037
1160.7 -30.96
1159.5 -30.883
1158.2 -30.807
1157 -30.73
1155.8 -30.654
1154.5 -30.577
1153.3 -30.501
1152 -30.425
1150.8 -30.349
1149.6 -30.273
1148.3 -30.197
1147.1 -30.121
1145.8 -30.045
1144.6 -29.969
1143.4 -29.893
1142.1 -29.818
1140.9 -29.742
1139.6 -29.667
1138.4 -29.591
1137.2 -29.516
1135.9 -29.441
1134.7 -29.366
1133.5 -29.291
1132.2 -29.216
1131 -29.141
1129.7 -29.066
1128.5 -28.991
1127.3 -28.917
1126 -28.842
1124.8 -28.768
1123.5 -28.693
1122.3 -28.619
1121.1 -28.545
1119.8 -28.47
1118.6 -28.396
1117.4 -28.322
1116.1 -28.248
1114.9 -28.174
1113.6 -28.101
1112.4 -28.027
1111.2 -27.953
1109.9 -27.88
1108.7 -27.806
1107.4 -27.733
1106.2 -27.66
1105 -27.586
1103.7 -27.513
1102.5 -27.44
1101.3 -27.367
1100 -27.294
1098.8 -27.221
1097.5 -27.149
1096.3 -27.076
1095.1 -27.003
1093.8 -26.931
1092.6 -26.858
1091.3 -26.786
1090.1 -26.714
1088.9 -26.641
1087.6 -26.569
1086.4 -26.497
1085.1 -26.425
1083.9 -26.353
1082.7 -26.282
1081.4 -26.21
1080.2 -26.138
1079 -26.067
1077.7 -25.995
1076.5 -25.924
1075.2 -25.852
1074 -25.781
1072.8 -25.71
1071.5 -25.639
1070.3 -25.568
1069 -25.497
1067.8 -25.426
1066.6 -25.355
1065.3 -25.284
1064.1 -25.214
1062.9 -25.143
1061.6 -25.073
1060.4 -25.002
1059.1 -24.932
1057.9 -24.862
1056.7 -24.792
1055.4 -24.722
1054.2 -24.652
1052.9 -24.582
1051.7 -24.512
1050.5 -24.442
1049.2 -24.372
1048 -24.303
1046.8 -24.233
1045.5 -24.164
1044.3 -24.094
1043 -24.025
1041.8 -23.956
1040.6 -23.887
1039.3 -23.817
1038.1 -23.749
1036.8 -23.68
1035.6 -23.611
1034.4 -23.542
1033.1 -23.473
1031.9 -23.405
1030.6 -23.336
1029.4 -23.268
1028.2 -23.199
1026.9 -23.131
1025.7 -23.063
1024.5 -22.995
1023.2 -22.927
1022 -22.859
1020.7 -22.791
1019.5 -22.723
1018.3 -22.655
1017 -22.588
1015.8 -22.52
1014.5 -22.452
1013.3 -22.385
1012.1 -22.318
1010.8 -22.25
1009.6 -22.183
1008.4 -22.116
1007.1 -22.049
1005.9 -21.982
1004.6 -21.915
1003.4 -21.848
1002.2 -21.782
1000.9 -21.715
999.68 -21.648
998.45 -21.582
997.21 -21.515
995.97 -21.449
994.73 -21.383
993.49 -21.317
992.25 -21.251
991.01 -21.185
989.78 -21.119
988.54 -21.053
987.3 -20.987
986.06 -20.921
984.82 -20.855
983.58 -20.79
982.34 -20.724
981.11 -20.659
979.87 -20.594
978.63 -20.528
977.39 -20.463
976.15 -20.398
974.91 -20.333
973.67 -20.268
972.44 -20.203
971.2 -20.138
969.96 -20.074
968.72 -20.009
967.48 -19.944
966.24 -19.88
965 -19.816
963.76 -19.751
962.53 -19.687
961.29 -19.623
960.05 -19.559
958.81 -19.495
957.57 -19.431
956.33 -19.367
955.09 -19.303
953.86 -19.239
952.62 -19.176
951.38 -19.112
950.14 -19.048
948.9 -18.985
947.66 -18.922
946.42 -18.858
945.19 -18.795
943.95 -18.732
942.71 -18.669
941.47 -18.606
940.23 -18.543
938.99 -18.48
937.75 -18.418
936.52 -18.355
935.28 -18.292
934.04 -18.23
932.8 -18.167
931.56 -18.105
930.32 -18.043
929.08 -17.981
927.84 -17.919
926.61 -17.856
925.37 -17.794
924.13 -17.733
922.89 -17.671
921.65 -17.609
920.41 -17.547
919.17 -17.486
917.94 -17.424
916.7 -17.363
915.46 -17.301
914.22 -17.24
912.98 -17.179
911.74 -17.118
910.5 -17.057
909.27 -16.996
908.03 -16.935
906.79 -16.874
905.55 -16.813
904.31 -16.752
903.07 -16.692
901.83 -16.631
900.6 -16.571
899.36 -16.51
898.12 -16.45
896.88 -16.39
895.64 -16.33
894.4 -16.269
893.16 -16.209
891.93 -16.15
890.69 -16.09
889.45 -16.03
888.21 -15.97
886.97 -15.91
885.73 -15.851
884.49 -15.791
883.25 -15.732
882.02 -15.673
880.78 -15.613
879.54 -15.554
878.3 -15.495
877.06 -15.436
875.82 -15.377
874.58 -15.318
873.35 -15.259
872.11 -15.2
870.87 -15.142
869.63 -15.083
868.39 -15.025
867.15 -14.966
865.91 -14.908
864.68 -14.849
863.44 -14.791
862.2 -14.733
860.96 -14.675
859.72 -14.617
858.48 -14.559
857.24 -14.501
856.01 -14.443
854.77 -14.385
853.53 -14.328
852.29 -14.27
851.05 -14.213
849.81 -14.155
848.57 -14.098
847.34 -14.04
846.1 -13.983
844.86 -13.926
843.62 -13.869
842.38 -13.812
841.14 -13.755
839.9 -13.698
838.66 -13.641
837.43 -13.585
836.19 -13.528
834.95 -13.471
833.71 -13.415
832.47 -13.358
831.23 -13.302
829.99 -13.246
828.76 -13.19
827.52 -13.133
826.28 -13.077
825.04 -13.021
823.8 -12.965
822.56 -12.909
821.32 -12.854
820.09 -12.798
818.85 -12.742
817.61 -12.687
816.37 -12.631
815.13 -12.576
813.89 -12.52
812.65 -12.465
811.42 -12.41
810.18 -12.355
808.94 -12.3
807.7 -12.245
806.46 -12.19
805.22 -12.135
803.98 -12.08
802.74 -12.025
801.51 -11.97
800.27 -11.916
799.03 -11.861
797.79 -11.807
796.55 -11.752
795.31 -11.698
794.07 -11.644
792.84 -11.59
791.6 -11.535
790.36 -11.481
789.12 -11.427
787.88 -11.373
786.64 -11.32
785.4 -11.266
784.17 -11.212
782.93 -11.158
781.69 -11.105
780.45 -11.051
779.21 -10.998
777.97 -10.944
776.73 -10.891
775.5 -10.838
774.26 -10.785
773.02 -10.732
771.78 -10.678
770.54 -10.625
769.3 -10.573
768.06 -10.52
766.83 -10.467
765.59 -10.414
764.35 -10.362
763.11 -10.309
761.87 -10.256
760.63 -10.204
759.39 -10.152
758.15 -10.099
756.92 -10.047
755.68 -9.9947
754.44 -9.9426
753.2 -9.8905
751.96 -9.8385
750.72 -9.7865
749.48 -9.7346
748.25 -9.6828
747.01 -9.631
745.77 -9.5793
744.53 -9.5277
743.29 -9.4761
742.05 -9.4246
740.81 -9.3731
739.58 -9.3218
738.34 -9.2704
737.1 -9.2192
735.86 -9.168
734.62 -9.1168
733.38 -9.0657
732.14 -9.0147
730.91 -8.9637
729.67 -8.9128
728.43 -8.862
727.19 -8.8112
725.95 -8.7605
724.71 -8.7098
723.47 -8.6592
722.23 -8.6087
721 -8.5582
719.76 -8.5078
718.52 -8.4574
717.28 -8.4071
716.04 -8.3568
714.8 -8.3066
713.56 -8.2565
712.33 -8.2064
711.09 -8.1564
709.85 -8.1064
708.61 -8.0565
707.37 -8.0067
706.13 -7.9569
704.89 -7.9071
703.66 -7.8574
702.42 -7.8078
701.18 -7.7582
699.94 -7.7087
698.7 -7.6592
697.46 -7.6098
696.22 -7.5604
694.99 -7.5111
693.75 -7.4618
692.51 -7.4126
691.27 -7.3635
690.03 -7.3144
688.79 -7.2653
687.55 -7.2163
686.32 -7.1674
685.08 -7.1185
683.84 -7.0696
682.6 -7.0208
681.36 -6.972
680.12 -6.9233
678.88 -6.8747
677.64 -6.8261
676.41 -6.7775
675.17 -6.729
673.93 -6.6805
672.69 -6.6321
671.45 -6.5837
670.21 -6.5354
668.97 -6.4871
667.74 -6.4389
666.5 -6.3907
665.26 -6.3425
664.02 -6.2944
662.78 -6.2463
661.54 -6.1983
660.3 -6.1503
659.07 -6.1024
657.83 -6.0545
656.59 -6.0066
655.35 -5.9588
654.11 -5.911
652.87 -5.8633
651.63 -5.8155
650.4 -5.7679
649.16 -5.7202
647.92 -5.6726
646.68 -5.6251
645.44 -5.5776
644.2 -5.5301
642.96 -5.4826
641.73 -5.4352
640.49 -5.3878
639.25 -5.3404
638.01 -5.2931
636.77 -5.2458
635.53 -5.1985
634.29 -5.1513
633.05 -5.1041
631.82 -5.0569
630.58 -5.0098
629.34 -4.9626
628.1 -4.9155
626.86 -4.8684
625.62 -4.8214
624.38 -4.7744
623.15 -4.7274
621.91 -4.6804
620.67 -4.6334
619.43 -4.5865
618.19 -4.5395
616.95 -4.4926
615.71 -4.4457
614.48 -4.3988
613.24 -4.352
612 -4.3051
610.76 -4.2583
609.52 -4.2115
608.28 -4.1647
607.04 -4.1179
605.81 -4.0711
604.57 -4.0243
603.33 -3.9775
602.09 -3.9308
600.85 -3.884
599.61 -3.8372
598.37 -3.7905
597.13 -3.7437
595.9 -3.697
594.66 -3.6502
593.42 -3.6034
592.18 -3.5567
590.94 -3.5099
589.7 -3.4631
588.46 -3.4163
587.23 -3.3695
585.99 -3.3227
584.75 -3.2759
583.51 -3.2291
582.27 -3.1822
581.03 -3.1354
579.79 -3.0885
578.56 -3.0416
577.32 -2.9946
576.08 -2.9477
574.84 -2.9007
573.6 -2.8537
572.36 -2.8067
571.12 -2.7596
569.89 -2.7125
568.65 -2.6654
567.41 -2.6182
566.17 -2.571
564.93 -2.5237
563.69 -2.4765
562.45 -2.4291
561.22 -2.3817
559.98 -2.3343
558.74 -2.2868
557.5 -2.2393
556.26 -2.1917
555.02 -2.144
553.78 -2.0963
552.54 -2.0485
551.31 -2.0006
550.07 -1.9527
548.83 -1.9047
547.59 -1.8566
546.35 -1.8085
545.11 -1.7603
543.87 -1.7119
542.64 -1.6635
541.4 -1.615
540.16 -1.5665
538.92 -1.5178
537.68 -1.469
536.44 -1.4201
535.2 -1.3711
533.97 -1.322
532.73 -1.2727
531.49 -1.2234
530.25 -1.1739
529.01 -1.1243
527.77 -1.0746
526.53 -1.0247
525.3 -0.9747
524.06 -0.92455
522.82 -0.87424
521.58 -0.82379
520.34 -0.77317
519.1 -0.72239
517.86 -0.67144
516.62 -0.62032
515.39 -0.56902
514.15 -0.51753
512.91 -0.46585
511.67 -0.41398
510.43 -0.36191
509.19 -0.30963
507.95 -0.25713
506.72 -0.20442
505.48 -0.15148
504.24 -0.098302
503 -0.04489
501.76 0.0087692
500.52 0.062681
499.28 0.11685
498.05 0.17129
496.81 0.22601
495.57 0.281
494.33 0.33629
493.09 0.39187
491.85 0.44776
490.61 0.50397
489.38 0.5605
488.14 0.61735
486.9 0.67455
485.66 0.7321
484.42 0.79
483.18 0.84827
481.94 0.90692
480.71 0.96595
479.47 1.0254
478.23 1.0852
476.99 1.1454
475.75 1.2061
474.51 1.2672
473.27 1.3287
472.03 1.3907
470.8 1.4532
469.56 1.5161
468.32 1.5795
467.08 1.6434
465.84 1.7078
464.6 1.7727
463.36 1.8381
462.13 1.904
460.89 1.9704
459.65 2.0374
458.41 2.1049
457.17 2.173
455.93 2.2416
454.69 2.3108
453.46 2.3805
452.22 2.4507
450.98 2.5215
449.74 2.5929
448.5 2.6648
447.26 2.7372
446.02 2.8101
444.79 2.8835
443.55 2.9573
442.31 3.0316
441.07 3.1063
439.83 3.1814
438.59 3.2568
437.35 3.3324
436.12 3.4083
434.88 3.4843
433.64 3.5603
432.4 3.6363
431.16 3.7122
429.92 3.7877
428.68 3.8628
427.44 3.9373
426.21 4.011
424.97 4.0837
423.73 4.1551
422.49 4.225
421.25 4.2931
420.01 4.3589
418.77 4.4222
417.54 4.4823
416.3 4.5389
415.06 4.5914
413.82 4.6391
412.58 4.6813
411.34 4.7173
410.1 4.7461
408.87 4.7669
407.63 4.7785
406.39 4.7798
405.15 4.7695
403.91 4.7463
402.67 4.7088
401.43 4.6553
400.2 4.5843
398.96 4.4941
397.72 4.3829
396.48 4.2491
395.24 4.0909
394 3.9068
392.76 3.6953
391.52 3.4554
390.29 3.1862
389.05 2.8872
387.81 2.5585
386.57 2.2007
385.33 1.8152
384.09 1.4041
382.85 0.96998
381.62 0.51645
380.38 0.047639
379.14 -0.4317
377.9 -0.91637
376.66 -1.4009
375.42 -1.8798
374.18 -2.3475
372.95 -2.7989
371.71 -3.2294
370.47 -3.635
369.23 -4.0123
367.99 -4.3588
366.75 -4.6728
365.51 -4.9534
364.28 -5.2003
363.04 -5.4139
361.8 -5.5953
360.56 -5.7457
359.32 -5.8668
358.08 -5.9606
356.84 -6.0292
355.61 -6.0746
354.37 -6.0991
353.13 -6.1048
351.89 -6.0937
350.65 -6.0676
349.41 -6.0285
348.17 -5.978
346.93 -5.9176
345.7 -5.8487
344.46 -5.7726
343.22 -5.6904
341.98 -5.6031
340.74 -5.5116
339.5 -5.4168
338.26 -5.3193
337.03 -5.2197
335.79 -5.1185
334.55 -5.0163
333.31 -4.9135
332.07 -4.8103
330.83 -4.7071
329.59 -4.6042
328.36 -4.5018
327.12 -4.4
325.88 -4.2991
324.64 -4.1991
323.4 -4.1001
322.16 -4.0023
320.92 -3.9058
319.69 -3.8105
318.45 -3.7165
317.21 -3.624
315.97 -3.5328
314.73 -3.443
313.49 -3.3546
312.25 -3.2676
311.01 -3.1821
309.78 -3.098
308.54 -3.0152
307.3 -2.9339
306.06 -2.8539
304.82 -2.7753
303.58 -2.698
302.34 -2.622
301.11 -2.5473
299.87 -2.4738
298.63 -2.4017
297.39 -2.3307
296.15 -2.2609
294.91 -2.1923
293.67 -2.1248
292.44 -2.0585
291.2 -1.9932
289.96 -1.929
288.72 -1.8659
287.48 -1.8038
286.24 -1.7427
285 -1.6825
283.77 -1.6233
282.53 -1.5651
281.29 -1.5077
280.05 -1.4513
278.81 -1.3957
277.57 -1.341
276.33 -1.2871
275.1 -1.234
273.86 -1.1817
272.62 -1.1301
271.38 -1.0794
270.14 -1.0293
268.9 -0.98001
267.66 -0.9314
266.42 -0.88348
265.19 -0.83624
263.95 -0.78966
262.71 -0.74372
261.47 -0.69841
260.23 -0.65372
258.99 -0.60964
257.75 -0.56615
256.52 -0.52323
255.28 -0.48089
254.04 -0.4391
252.8 -0.39785
251.56 -0.35714
250.32 -0.31694
249.08 -0.27726
247.85 -0.23808
246.61 -0.1994
245.37 -0.16119
244.13 -0.12346
242.89 -0.086189
241.65 -0.049375
240.41 -0.013008
239.18 0.022922
237.94 0.058421
236.7 0.093499
235.46 0.12816
234.22 0.16242
232.98 0.19627
231.74 0.22973
230.51 0.26281
229.27 0.29551
228.03 0.32783
226.79 0.35978
225.55 0.39138
224.31 0.42262
223.07 0.45351
221.83 0.48405
220.6 0.51426
219.36 0.54414
218.12 0.57368
216.88 0.60291
215.64 0.63181
214.4 0.6604
213.16 0.68869
211.93 0.71666
210.69 0.74434
209.45 0.77173
208.21 0.79882
206.97 0.82562
205.73 0.85214
204.49 0.87838
203.26 0.90435
202.02 0.93004
200.78 0.95547
199.54 0.98063
198.3 1.0055
197.06 1.0302
195.82 1.0545
194.59 1.0787
193.35 1.1026
192.11 1.1262
190.87 1.1496
189.63 1.1727
188.39 1.1956
187.15 1.2183
185.91 1.2408
184.68 1.263
183.44 1.285
182.2 1.3067
180.96 1.3283
179.72 1.3496
178.48 1.3707
177.24 1.3916
176.01 1.4123
174.77 1.4327
173.53 1.453
172.29 1.4731
171.05 1.4929
169.81 1.5125
168.57 1.532
167.34 1.5512
166.1 1.5703
164.86 1.5891
163.62 1.6078
162.38 1.6262
161.14 1.6445
159.9 1.6626
158.67 1.6805
157.43 1.6982
156.19 1.7157
154.95 1.733
153.71 1.7502
152.47 1.7672
151.23 1.784
150 1.8006
148.76 1.817
147.52 1.8333
146.28 1.8494
145.04 1.8653
143.8 1.8811
142.56 1.8967
141.32 1.9121
140.09 1.9273
138.85 1.9424
137.61 1.9573
136.37 1.9721
135.13 1.9867
133.89 2.0011
132.65 2.0154
131.42 2.0295
130.18 2.0434
128.94 2.0572
127.7 2.0708
126.46 2.0843
125.22 2.0976
123.98 2.1108
