1401 3.5604
1399.8 3.5611
1398.5 3.5618
1397.3 3.5625
1396 3.5632
1394.8 3.5639
1393.6 3.5645
1392.3 3.5652
1391.1 3.5659
1389.8 3.5666
1388.6 3.5673
1387.4 3.568
1386.1 3.5686
1384.9 3.5693
1383.7 3.57
1382.4 3.5707
1381.2 3.5714
1379.9 3.572
1378.7 3.5727
1377.5 3.5734
1376.2 3.5741
1375 3.5747
1373.7 3.5754
1372.5 3.5761
1371.3 3.5768
1370 3.5774
1368.8 3.5781
1367.6 3.5788
1366.3 3.5795
1365.1 3.5801
1363.8 3.5808
1362.6 3.5815
1361.4 3.5821
1360.1 3.5828
1358.9 3.5835
1357.6 3.5841
1356.4 3.5848
1355.2 3.5855
1353.9 3.5861
1352.7 3.5868
1351.5 3.5875
1350.2 3.5881
1349 3.5888
1347.7 3.5895
1346.5 3.5901
1345.3 3.5908
1344 3.5914
1342.8 3.5921
1341.5 3.5928
1340.3 3.5934
1339.1 3.5941
1337.8 3.5947
1336.6 3.5954
1335.3 3.5961
1334.1 3.5967
1332.9 3.5974
1331.6 3.598
1330.4 3.5987
1329.2 3.5993
1327.9 3.6
1326.7 3.6006
1325.4 3.6013
1324.2 3.6019
1323 3.6026
1321.7 3.6032
1320.5 3.6039
1319.2 3.6045
1318 3.6052
1316.8 3.6058
1315.5 3.6065
1314.3 3.6071
1313.1 3.6078
1311.8 3.6084
1310.6 3.6091
1309.3 3.6097
1308.1 3.6103
1306.9 3.611
1305.6 3.6116
1304.4 3.6123
1303.1 3.6129
1301.9 3.6135
1300.7 3.6142
1299.4 3.6148
1298.2 3.6155
1297 3.6161
1295.7 3.6167
1294.5 3.6174
1293.2 3.618
1292 3.6186
1290.8 3.6193
1289.5 3.6199
1288.3 3.6205
1287 3.6212
1285.8 3.6218
1284.6 3.6224
1283.3 3.6231
1282.1 3.6237
1280.9 3.6243
1279.6 3.625
1278.4 3.6256
1277.1 3.6262
1275.9 3.6268
1274.7 3.6275
1273.4 3.6281
1272.2 3.6287
1270.9 3.6294
1269.7 3.63
1268.5 3.6306
1267.2 3.6312
1266 3.6318
1264.7 3.6325
1263.5 3.6331
1262.3 3.6337
1261 3.6343
1259.8 3.6349
1258.6 3.6356
1257.3 3.6362
1256.1 3.6368
1254.8 3.6374
1253.6 3.638
1252.4 3.6387
1251.1 3.6393
1249.9 3.6399
1248.6 3.6405
1247.4 3.6411
1246.2 3.6417
1244.9 3.6423
1243.7 3.6429
1242.5 3.6436
1241.2 3.6442
1240 3.6448
1238.7 3.6454
1237.5 3.646
1236.3 3.6466
1235 3.6472
1233.8 3.6478
1232.5 3.6484
1231.3 3.649
1230.1 3.6496
1228.8 3.6502
1227.6 3.6508
1226.4 3.6514
1225.1 3.652
1223.9 3.6526
1222.6 3.6532
1221.4 3.6538
1220.2 3.6544
1218.9 3.655
1217.7 3.6556
1216.4 3.6562
1215.2 3.6568
1214 3.6574
1212.7 3.658
1211.5 3.6586
1210.2 3.6592
1209 3.6598
1207.8 3.6604
1206.5 3.661
1205.3 3.6616
1204.1 3.6622
1202.8 3.6628
1201.6 3.6634
1200.3 3.664
1199.1 3.6646
1197.9 3.6651
1196.6 3.6657
1195.4 3.6663
1194.1 3.6669
1192.9 3.6675
1191.7 3.6681
1190.4 3.6687
1189.2 3.6693
1188 3.6698
1186.7 3.6704
1185.5 3.671
1184.2 3.6716
1183 3.6722
1181.8 3.6727
1180.5 3.6733
1179.3 3.6739
1178 3.6745
1176.8 3.6751
1175.6 3.6756
1174.3 3.6762
1173.1 3.6768
1171.9 3.6774
1170.6 3.678
1169.4 3.6785
1168.1 3.6791
1166.9 3.6797
1165.7 3.6802
1164.4 3.6808
1163.2 3.6814
1161.9 3.682
1160.7 3.6825
1159.5 3.6831
1158.2 3.6837
1157 3.6842
1155.8 3.6848
1154.5 3.6854
1153.3 3.6859
1152 3.6865
1150.8 3.6871
1149.6 3.6876
1148.3 3.6882
1147.1 3.6888
1145.8 3.6893
1144.6 3.6899
1143.4 3.6905
1142.1 3.691
1140.9 3.6916
1139.6 3.6921
1138.4 3.6927
1137.2 3.6933
1135.9 3.6938
1134.7 3.6944
1133.5 3.6949
1132.2 3.6955
1131 3.6961
1129.7 3.6966
1128.5 3.6972
1127.3 3.6977
1126 3.6983
1124.8 3.6988
1123.5 3.6994
1122.3 3.6999
1121.1 3.7005
1119.8 3.701
1118.6 3.7016
1117.4 3.7021
1116.1 3.7027
1114.9 3.7032
1113.6 3.7038
1112.4 3.7043
1111.2 3.7049
1109.9 3.7054
1108.7 3.706
1107.4 3.7065
1106.2 3.7071
1105 3.7076
1103.7 3.7081
1102.5 3.7087
1101.3 3.7092
1100 3.7098
1098.8 3.7103
1097.5 3.7108
1096.3 3.7114
1095.1 3.7119
1093.8 3.7125
1092.6 3.713
1091.3 3.7135
1090.1 3.7141
1088.9 3.7146
1087.6 3.7151
1086.4 3.7157
1085.1 3.7162
1083.9 3.7167
1082.7 3.7173
1081.4 3.7178
1080.2 3.7183
1079 3.7189
1077.7 3.7194
1076.5 3.7199
1075.2 3.7205
1074 3.721
1072.8 3.7215
1071.5 3.722
1070.3 3.7226
1069 3.7231
1067.8 3.7236
1066.6 3.7241
1065.3 3.7247
1064.1 3.7252
1062.9 3.7257
1061.6 3.7262
1060.4 3.7268
1059.1 3.7273
1057.9 3.7278
1056.7 3.7283
1055.4 3.7288
1054.2 3.7294
1052.9 3.7299
1051.7 3.7304
1050.5 3.7309
1049.2 3.7314
1048 3.7319
1046.8 3.7325
1045.5 3.733
1044.3 3.7335
1043 3.734
1041.8 3.7345
1040.6 3.735
1039.3 3.7355
1038.1 3.736
1036.8 3.7366
1035.6 3.7371
1034.4 3.7376
1033.1 3.7381
1031.9 3.7386
1030.6 3.7391
1029.4 3.7396
1028.2 3.7401
1026.9 3.7406
1025.7 3.7411
1024.5 3.7416
1023.2 3.7421
1022 3.7426
1020.7 3.7431
1019.5 3.7436
1018.3 3.7441
1017 3.7446
1015.8 3.7451
1014.5 3.7456
1013.3 3.7461
1012.1 3.7466
1010.8 3.7471
1009.6 3.7476
1008.4 3.7481
1007.1 3.7486
1005.9 3.7491
1004.6 3.7496
1003.4 3.7501
1002.2 3.7506
1000.9 3.7511
999.68 3.7516
998.45 3.7521
997.21 3.7526
995.97 3.753
994.73 3.7535
993.49 3.754
992.25 3.7545
991.01 3.755
989.78 3.7555
988.54 3.756
987.3 3.7565
986.06 3.7569
984.82 3.7574
983.58 3.7579
982.34 3.7584
981.11 3.7589
979.87 3.7594
978.63 3.7598
977.39 3.7603
976.15 3.7608
974.91 3.7613
973.67 3.7618
972.44 3.7622
971.2 3.7627
969.96 3.7632
968.72 3.7637
967.48 3.7641
966.24 3.7646
965 3.7651
963.76 3.7656
962.53 3.766
961.29 3.7665
960.05 3.767
958.81 3.7675
957.57 3.7679
956.33 3.7684
955.09 3.7689
953.86 3.7693
952.62 3.7698
951.38 3.7703
950.14 3.7707
948.9 3.7712
947.66 3.7717
946.42 3.7721
945.19 3.7726
943.95 3.7731
942.71 3.7735
941.47 3.774
940.23 3.7745
938.99 3.7749
937.75 3.7754
936.52 3.7758
935.28 3.7763
934.04 3.7768
932.8 3.7772
931.56 3.7777
930.32 3.7781
929.08 3.7786
927.84 3.7791
926.61 3.7795
925.37 3.78
924.13 3.7804
922.89 3.7809
921.65 3.7813
920.41 3.7818
919.17 3.7822
917.94 3.7827
916.7 3.7831
915.46 3.7836
914.22 3.784
912.98 3.7845
911.74 3.7849
910.5 3.7854
909.27 3.7858
908.03 3.7863
906.79 3.7867
905.55 3.7872
904.31 3.7876
903.07 3.7881
901.83 3.7885
900.6 3.7889
899.36 3.7894
898.12 3.7898
896.88 3.7903
895.64 3.7907
894.4 3.7912
893.16 3.7916
891.93 3.792
890.69 3.7925
889.45 3.7929
888.21 3.7933
886.97 3.7938
885.73 3.7942
884.49 3.7947
883.25 3.7951
882.02 3.7955
880.78 3.796
879.54 3.7964
878.3 3.7968
877.06 3.7973
875.82 3.7977
874.58 3.7981
873.35 3.7985
872.11 3.799
870.87 3.7994
869.63 3.7998
868.39 3.8003
867.15 3.8007
865.91 3.8011
864.68 3.8015
863.44 3.802
862.2 3.8024
860.96 3.8028
859.72 3.8032
858.48 3.8037
857.24 3.8041
856.01 3.8045
854.77 3.8049
853.53 3.8053
852.29 3.8058
851.05 3.8062
849.81 3.8066
848.57 3.807
847.34 3.8074
846.1 3.8078
844.86 3.8083
843.62 3.8087
842.38 3.8091
841.14 3.8095
839.9 3.8099
838.66 3.8103
837.43 3.8107
836.19 3.8112
834.95 3.8116
833.71 3.812
832.47 3.8124
831.23 3.8128
829.99 3.8132
828.76 3.8136
827.52 3.814
826.28 3.8144
825.04 3.8148
823.8 3.8152
822.56 3.8156
821.32 3.816
820.09 3.8164
818.85 3.8169
817.61 3.8173
816.37 3.8177
815.13 3.8181
813.89 3.8185
812.65 3.8189
811.42 3.8193
810.18 3.8197
808.94 3.8201
807.7 3.8205
806.46 3.8208
805.22 3.8212
803.98 3.8216
802.74 3.822
801.51 3.8224
800.27 3.8228
799.03 3.8232
797.79 3.8236
796.55 3.824
795.31 3.8244
794.07 3.8248
792.84 3.8252
791.6 3.8256
790.36 3.826
789.12 3.8263
787.88 3.8267
786.64 3.8271
785.4 3.8275
784.17 3.8279
782.93 3.8283
781.69 3.8287
780.45 3.829
779.21 3.8294
777.97 3.8298
776.73 3.8302
775.5 3.8306
774.26 3.831
773.02 3.8313
771.78 3.8317
770.54 3.8321
769.3 3.8325
768.06 3.8329
766.83 3.8332
765.59 3.8336
764.35 3.834
763.11 3.8344
761.87 3.8347
760.63 3.8351
759.39 3.8355
758.15 3.8359
756.92 3.8362
755.68 3.8366
754.44 3.837
753.2 3.8373
751.96 3.8377
750.72 3.8381
749.48 3.8384
748.25 3.8388
747.01 3.8392
745.77 3.8396
744.53 3.8399
743.29 3.8403
742.05 3.8406
740.81 3.841
739.58 3.8414
738.34 3.8417
737.1 3.8421
735.86 3.8425
734.62 3.8428
733.38 3.8432
732.14 3.8435
730.91 3.8439
729.67 3.8443
728.43 3.8446
727.19 3.845
725.95 3.8453
724.71 3.8457
723.47 3.8461
722.23 3.8464
721 3.8468
719.76 3.8471
718.52 3.8475
717.28 3.8478
716.04 3.8482
714.8 3.8485
713.56 3.8489
712.33 3.8492
711.09 3.8496
709.85 3.8499
708.61 3.8503
707.37 3.8506
706.13 3.851
704.89 3.8513
703.66 3.8517
702.42 3.852
701.18 3.8524
699.94 3.8527
698.7 3.8531
697.46 3.8534
696.22 3.8537
694.99 3.8541
693.75 3.8544
692.51 3.8548
691.27 3.8551
690.03 3.8554
688.79 3.8558
687.55 3.8561
686.32 3.8565
685.08 3.8568
683.84 3.8571
682.6 3.8575
681.36 3.8578
680.12 3.8581
678.88 3.8585
677.64 3.8588
676.41 3.8591
675.17 3.8595
673.93 3.8598
672.69 3.8601
671.45 3.8605
670.21 3.8608
668.97 3.8611
667.74 3.8615
666.5 3.8618
665.26 3.8621
664.02 3.8624
662.78 3.8628
661.54 3.8631
660.3 3.8634
659.07 3.8637
657.83 3.8641
656.59 3.8644
655.35 3.8647
654.11 3.865
652.87 3.8653
651.63 3.8657
650.4 3.866
649.16 3.8663
647.92 3.8666
646.68 3.8669
645.44 3.8673
644.2 3.8676
642.96 3.8679
641.73 3.8682
640.49 3.8685
639.25 3.8688
638.01 3.8692
636.77 3.8695
635.53 3.8698
634.29 3.8701
633.05 3.8704
631.82 3.8707
630.58 3.871
629.34 3.8713
628.1 3.8717
626.86 3.872
625.62 3.8723
624.38 3.8726
623.15 3.8729
621.91 3.8732
620.67 3.8735
619.43 3.8738
618.19 3.8741
616.95 3.8744
615.71 3.8747
614.48 3.875
613.24 3.8753
612 3.8756
610.76 3.8759
609.52 3.8762
608.28 3.8765
607.04 3.8768
605.81 3.8771
604.57 3.8774
603.33 3.8777
602.09 3.878
600.85 3.8783
599.61 3.8786
598.37 3.8789
597.13 3.8792
595.9 3.8795
594.66 3.8798
593.42 3.8801
592.18 3.8804
590.94 3.8806
589.7 3.8809
588.46 3.8812
587.23 3.8815
585.99 3.8818
584.75 3.8821
583.51 3.8824
582.27 3.8827
581.03 3.883
579.79 3.8832
578.56 3.8835
577.32 3.8838
576.08 3.8841
574.84 3.8844
573.6 3.8847
572.36 3.8849
571.12 3.8852
569.89 3.8855
568.65 3.8858
567.41 3.8861
566.17 3.8863
564.93 3.8866
563.69 3.8869
562.45 3.8872
561.22 3.8874
559.98 3.8877
558.74 3.888
557.5 3.8883
556.26 3.8885
555.02 3.8888
553.78 3.8891
552.54 3.8894
551.31 3.8896
550.07 3.8899
548.83 3.8902
547.59 3.8904
546.35 3.8907
545.11 3.891
543.87 3.8913
542.64 3.8915
541.4 3.8918
540.16 3.8921
538.92 3.8923
537.68 3.8926
536.44 3.8928
535.2 3.8931
533.97 3.8934
532.73 3.8936
531.49 3.8939
530.25 3.8942
529.01 3.8944
527.77 3.8947
526.53 3.8949
525.3 3.8952
524.06 3.8955
522.82 3.8957
521.58 3.896
520.34 3.8962
519.1 3.8965
517.86 3.8967
516.62 3.897
515.39 3.8972
514.15 3.8975
512.91 3.8978
511.67 3.898
510.43 3.8983
509.19 3.8985
507.95 3.8988
506.72 3.899
505.48 3.8993
504.24 3.8995
503 3.8997
501.76 3.9
500.52 3.9002
499.28 3.9005
498.05 3.9007
496.81 3.901
495.57 3.9012
494.33 3.9015
493.09 3.9017
491.85 3.902
490.61 3.9022
489.38 3.9024
488.14 3.9027
486.9 3.9029
485.66 3.9032
484.42 3.9034
483.18 3.9036
481.94 3.9039
480.71 3.9041
479.47 3.9043
478.23 3.9046
476.99 3.9048
475.75 3.905
474.51 3.9053
473.27 3.9055
472.03 3.9057
470.8 3.906
469.56 3.9062
468.32 3.9064
467.08 3.9067
465.84 3.9069
464.6 3.9071
463.36 3.9074
462.13 3.9076
460.89 3.9078
459.65 3.908
458.41 3.9083
457.17 3.9085
455.93 3.9087
454.69 3.9089
453.46 3.9092
452.22 3.9094
450.98 3.9096
449.74 3.9098
448.5 3.91
447.26 3.9103
446.02 3.9105
444.79 3.9107
443.55 3.9109
442.31 3.9111
441.07 3.9114
439.83 3.9116
438.59 3.9118
437.35 3.912
436.12 3.9122
434.88 3.9124
433.64 3.9127
432.4 3.9129
431.16 3.9131
429.92 3.9133
428.68 3.9135
427.44 3.9137
426.21 3.9139
424.97 3.9141
423.73 3.9143
422.49 3.9145
421.25 3.9148
420.01 3.915
418.77 3.9152
417.54 3.9154
416.3 3.9156
415.06 3.9158
413.82 3.916
412.58 3.9162
411.34 3.9164
410.1 3.9166
408.87 3.9168
407.63 3.917
406.39 3.9172
405.15 3.9174
403.91 3.9176
402.67 3.9178
401.43 3.918
400.2 3.9182
398.96 3.9184
397.72 3.9186
396.48 3.9188
395.24 3.919
394 3.9192
392.76 3.9194
391.52 3.9196
390.29 3.9197
389.05 3.9199
387.81 3.9201
386.57 3.9203
385.33 3.9205
384.09 3.9207
382.85 3.9209
381.62 3.9211
380.38 3.9213
379.14 3.9214
377.9 3.9216
376.66 3.9218
375.42 3.922
374.18 3.9222
372.95 3.9224
371.71 3.9226
370.47 3.9227
369.23 3.9229
367.99 3.9231
366.75 3.9233
365.51 3.9235
364.28 3.9236
363.04 3.9238
361.8 3.924
360.56 3.9242
359.32 3.9244
358.08 3.9245
356.84 3.9247
355.61 3.9249
354.37 3.9251
353.13 3.9252
351.89 3.9254
350.65 3.9256
349.41 3.9258
348.17 3.9259
346.93 3.9261
345.7 3.9263
344.46 3.9264
343.22 3.9266
341.98 3.9268
340.74 3.9269
339.5 3.9271
338.26 3.9273
337.03 3.9274
335.79 3.9276
334.55 3.9278
333.31 3.9279
332.07 3.9281
330.83 3.9283
329.59 3.9284
328.36 3.9286
327.12 3.9287
325.88 3.9289
324.64 3.9291
323.4 3.9292
322.16 3.9294
320.92 3.9295
319.69 3.9297
318.45 3.9299
317.21 3.93
315.97 3.9302
314.73 3.9303
313.49 3.9305
312.25 3.9306
311.01 3.9308
309.78 3.9309
308.54 3.9311
307.3 3.9312
306.06 3.9314
304.82 3.9315
303.58 3.9317
302.34 3.9318
301.11 3.932
299.87 3.9321
298.63 3.9323
297.39 3.9324
296.15 3.9326
294.91 3.9327
293.67 3.9329
292.44 3.933
291.2 3.9332
289.96 3.9333
288.72 3.9334
287.48 3.9336
286.24 3.9337
285 3.9339
283.77 3.934
282.53 3.9341
281.29 3.9343
280.05 3.9344
278.81 3.9346
277.57 3.9347
276.33 3.9348
275.1 3.935
273.86 3.9351
272.62 3.9352
271.38 3.9354
270.14 3.9355
268.9 3.9356
267.66 3.9358
266.42 3.9359
265.19 3.936
263.95 3.9362
262.71 3.9363
261.47 3.9364
260.23 3.9365
258.99 3.9367
257.75 3.9368
256.52 3.9369
255.28 3.9371
254.04 3.9372
252.8 3.9373
251.56 3.9374
250.32 3.9376
249.08 3.9377
247.85 3.9378
246.61 3.9379
245.37 3.938
244.13 3.9382
242.89 3.9383
241.65 3.9384
240.41 3.9385
239.18 3.9386
237.94 3.9388
236.7 3.9389
235.46 3.939
234.22 3.9391
232.98 3.9392
231.74 3.9393
230.51 3.9394
229.27 3.9396
228.03 3.9397
226.79 3.9398
225.55 3.9399
224.31 3.94
223.07 3.9401
221.83 3.9402
220.6 3.9403
219.36 3.9404
218.12 3.9406
216.88 3.9407
215.64 3.9408
214.4 3.9409
213.16 3.941
211.93 3.9411
210.69 3.9412
209.45 3.9413
208.21 3.9414
206.97 3.9415
205.73 3.9416
204.49 3.9417
203.26 3.9418
202.02 3.9419
200.78 3.942
199.54 3.9421
198.3 3.9422
197.06 3.9423
195.82 3.9424
194.59 3.9425
193.35 3.9426
192.11 3.9427
190.87 3.9428
189.63 3.9429
188.39 3.943
187.15 3.943
185.91 3.9431
184.68 3.9432
183.44 3.9433
182.2 3.9434
180.96 3.9435
179.72 3.9436
178.48 3.9437
177.24 3.9438
176.01 3.9438
174.77 3.9439
173.53 3.944
172.29 3.9441
171.05 3.9442
169.81 3.9443
168.57 3.9444
167.34 3.9444
166.1 3.9445
164.86 3.9446
163.62 3.9447
162.38 3.9448
161.14 3.9448
159.9 3.9449
158.67 3.945
157.43 3.9451
156.19 3.9452
154.95 3.9452
153.71 3.9453
152.47 3.9454
151.23 3.9455
150 3.9455
148.76 3.9456
147.52 3.9457
146.28 3.9457
145.04 3.9458
143.8 3.9459
142.56 3.946
141.32 3.946
140.09 3.9461
138.85 3.9462
137.61 3.9462
136.37 3.9463
135.13 3.9464
133.89 3.9464
132.65 3.9465
131.42 3.9466
130.18 3.9466
128.94 3.9467
127.7 3.9468
126.46 3.9468
125.22 3.9469
123.98 3.9469