1401 0.78142
1399.8 0.76441
1398.5 0.74759
1397.3 0.73096
1396 0.71453
1394.8 0.6983
1393.6 0.68226
1392.3 0.66642
1391.1 0.65077
1389.8 0.63533
1388.6 0.62008
1387.4 0.60503
1386.1 0.59017
1384.9 0.57552
1383.7 0.56106
1382.4 0.54681
1381.2 0.53275
1379.9 0.51889
1378.7 0.50523
1377.5 0.49177
1376.2 0.4785
1375 0.46544
1373.7 0.45258
1372.5 0.43991
1371.3 0.42745
1370 0.41518
1368.8 0.40312
1367.6 0.39125
1366.3 0.37959
1365.1 0.36812
1363.8 0.35686
1362.6 0.34579
1361.4 0.33493
1360.1 0.32426
1358.9 0.3138
1357.6 0.30354
1356.4 0.29347
1355.2 0.28361
1353.9 0.27395
1352.7 0.26448
1351.5 0.25521
1350.2 0.24615
1349 0.23727
1347.7 0.2286
1346.5 0.22012
1345.3 0.21184
1344 0.20376
1342.8 0.19588
1341.5 0.18818
1340.3 0.18069
1339.1 0.17339
1337.8 0.16628
1336.6 0.15937
1335.3 0.15266
1334.1 0.14614
1332.9 0.13981
1331.6 0.13367
1330.4 0.12773
1329.2 0.12198
1327.9 0.11642
1326.7 0.11106
1325.4 0.10588
1324.2 0.10089
1323 0.096094
1321.7 0.091484
1320.5 0.087062
1319.2 0.082828
1318 0.07878
1316.8 0.074918
1315.5 0.071241
1314.3 0.067749
1313.1 0.064441
1311.8 0.061316
1310.6 0.058373
1309.3 0.055613
1308.1 0.053034
1306.9 0.050636
1305.6 0.048418
1304.4 0.046379
1303.1 0.04452
1301.9 0.042838
1300.7 0.041333
1299.4 0.040005
1298.2 0.038852
1297 0.037874
1295.7 0.03707
1294.5 0.036438
1293.2 0.035979
1292 0.035691
1290.8 0.035574
1289.5 0.035626
1288.3 0.035846
1287 0.036235
1285.8 0.036791
1284.6 0.037512
1283.3 0.0384
1282.1 0.039451
1280.9 0.040666
1279.6 0.042044
1278.4 0.043584
1277.1 0.045285
1275.9 0.047146
1274.7 0.049167
1273.4 0.051346
1272.2 0.053682
1270.9 0.056175
1269.7 0.058823
1268.5 0.061625
1267.2 0.064582
1266 0.06769
1264.7 0.070951
1263.5 0.074362
1262.3 0.077923
1261 0.081633
1259.8 0.08549
1258.6 0.089495
1257.3 0.093645
1256.1 0.097941
1254.8 0.10238
1253.6 0.10696
1252.4 0.11169
1251.1 0.11655
1249.9 0.12156
1248.6 0.1267
1247.4 0.13199
1246.2 0.13741
1244.9 0.14296
1243.7 0.14866
1242.5 0.15448
1241.2 0.16044
1240 0.16654
1238.7 0.17276
1237.5 0.17911
1236.3 0.1856
1235 0.19221
1233.8 0.19895
1232.5 0.20581
1231.3 0.2128
1230.1 0.21992
1228.8 0.22716
1227.6 0.23452
1226.4 0.242
1225.1 0.2496
1223.9 0.25733
1222.6 0.26517
1221.4 0.27313
1220.2 0.2812
1218.9 0.28939
1217.7 0.2977
1216.4 0.30612
1215.2 0.31465
1214 0.3233
1212.7 0.33205
1211.5 0.34092
1210.2 0.34989
1209 0.35897
1207.8 0.36816
1206.5 0.37746
1205.3 0.38686
1204.1 0.39636
1202.8 0.40597
1201.6 0.41568
1200.3 0.42549
1199.1 0.4354
1197.9 0.44541
1196.6 0.45552
1195.4 0.46573
1194.1 0.47603
1192.9 0.48643
1191.7 0.49693
1190.4 0.50752
1189.2 0.5182
1188 0.52897
1186.7 0.53984
1185.5 0.55079
1184.2 0.56184
1183 0.57297
1181.8 0.5842
1180.5 0.5955
1179.3 0.6069
1178 0.61838
1176.8 0.62994
1175.6 0.64159
1174.3 0.65332
1173.1 0.66513
1171.9 0.67702
1170.6 0.68899
1169.4 0.70104
1168.1 0.71317
1166.9 0.72538
1165.7 0.73766
1164.4 0.75002
1163.2 0.76245
1161.9 0.77496
1160.7 0.78754
1159.5 0.8002
1158.2 0.81292
1157 0.82572
1155.8 0.83858
1154.5 0.85152
1153.3 0.86452
1152 0.8776
1150.8 0.89073
1149.6 0.90394
1148.3 0.91721
1147.1 0.93055
1145.8 0.94395
1144.6 0.95741
1143.4 0.97093
1142.1 0.98452
1140.9 0.99817
1139.6 1.0119
1138.4 1.0256
1137.2 1.0395
1135.9 1.0534
1134.7 1.0673
1133.5 1.0813
1132.2 1.0954
1131 1.1095
1129.7 1.1236
1128.5 1.1378
1127.3 1.1521
1126 1.1664
1124.8 1.1808
1123.5 1.1952
1122.3 1.2097
1121.1 1.2243
1119.8 1.2388
1118.6 1.2535
1117.4 1.2681
1116.1 1.2829
1114.9 1.2976
1113.6 1.3124
1112.4 1.3273
1111.2 1.3422
1109.9 1.3572
1108.7 1.3721
1107.4 1.3872
1106.2 1.4023
1105 1.4174
1103.7 1.4325
1102.5 1.4477
1101.3 1.463
1100 1.4783
1098.8 1.4936
1097.5 1.509
1096.3 1.5244
1095.1 1.5398
1093.8 1.5553
1092.6 1.5708
1091.3 1.5863
1090.1 1.6019
1088.9 1.6175
1087.6 1.6332
1086.4 1.6489
1085.1 1.6646
1083.9 1.6803
1082.7 1.6961
1081.4 1.7119
1080.2 1.7278
1079 1.7436
1077.7 1.7595
1076.5 1.7755
1075.2 1.7914
1074 1.8074
1072.8 1.8235
1071.5 1.8395
1070.3 1.8556
1069 1.8717
1067.8 1.8878
1066.6 1.904
1065.3 1.9202
1064.1 1.9364
1062.9 1.9526
1061.6 1.9689
1060.4 1.9852
1059.1 2.0015
1057.9 2.0178
1056.7 2.0342
1055.4 2.0505
1054.2 2.0669
1052.9 2.0834
1051.7 2.0998
1050.5 2.1163
1049.2 2.1328
1048 2.1493
1046.8 2.1658
1045.5 2.1823
1044.3 2.1989
1043 2.2155
1041.8 2.2321
1040.6 2.2487
1039.3 2.2653
1038.1 2.282
1036.8 2.2987
1035.6 2.3154
1034.4 2.3321
1033.1 2.3488
1031.9 2.3655
1030.6 2.3823
1029.4 2.399
1028.2 2.4158
1026.9 2.4326
1025.7 2.4494
1024.5 2.4663
1023.2 2.4831
1022 2.5
1020.7 2.5168
1019.5 2.5337
1018.3 2.5506
1017 2.5675
1015.8 2.5845
1014.5 2.6014
1013.3 2.6183
1012.1 2.6353
1010.8 2.6523
1009.6 2.6692
1008.4 2.6862
1007.1 2.7032
1005.9 2.7203
1004.6 2.7373
1003.4 2.7543
1002.2 2.7714
1000.9 2.7884
999.68 2.8055
998.45 2.8225
997.21 2.8396
995.97 2.8567
994.73 2.8738
993.49 2.8909
992.25 2.908
991.01 2.9252
989.78 2.9423
988.54 2.9594
987.3 2.9766
986.06 2.9937
984.82 3.0109
983.58 3.0281
982.34 3.0452
981.11 3.0624
979.87 3.0796
978.63 3.0968
977.39 3.114
976.15 3.1312
974.91 3.1484
973.67 3.1657
972.44 3.1829
971.2 3.2001
969.96 3.2174
968.72 3.2346
967.48 3.2519
966.24 3.2691
965 3.2864
963.76 3.3037
962.53 3.3209
961.29 3.3382
960.05 3.3555
958.81 3.3728
957.57 3.3901
956.33 3.4074
955.09 3.4247
953.86 3.442
952.62 3.4593
951.38 3.4766
950.14 3.4939
948.9 3.5113
947.66 3.5286
946.42 3.5459
945.19 3.5633
943.95 3.5806
942.71 3.5979
941.47 3.6153
940.23 3.6326
938.99 3.65
937.75 3.6674
936.52 3.6847
935.28 3.7021
934.04 3.7195
932.8 3.7369
931.56 3.7542
930.32 3.7716
929.08 3.789
927.84 3.8064
926.61 3.8238
925.37 3.8412
924.13 3.8586
922.89 3.876
921.65 3.8934
920.41 3.9108
919.17 3.9283
917.94 3.9457
916.7 3.9631
915.46 3.9806
914.22 3.998
912.98 4.0154
911.74 4.0329
910.5 4.0503
909.27 4.0678
908.03 4.0853
906.79 4.1027
905.55 4.1202
904.31 4.1377
903.07 4.1551
901.83 4.1726
900.6 4.1901
899.36 4.2076
898.12 4.2251
896.88 4.2426
895.64 4.2601
894.4 4.2776
893.16 4.2951
891.93 4.3127
890.69 4.3302
889.45 4.3477
888.21 4.3653
886.97 4.3828
885.73 4.4004
884.49 4.4179
883.25 4.4355
882.02 4.453
880.78 4.4706
879.54 4.4882
878.3 4.5058
877.06 4.5234
875.82 4.541
874.58 4.5586
873.35 4.5762
872.11 4.5939
870.87 4.6115
869.63 4.6291
868.39 4.6468
867.15 4.6644
865.91 4.6821
864.68 4.6998
863.44 4.7175
862.2 4.7352
860.96 4.7529
859.72 4.7706
858.48 4.7883
857.24 4.806
856.01 4.8238
854.77 4.8415
853.53 4.8593
852.29 4.877
851.05 4.8948
849.81 4.9126
848.57 4.9304
847.34 4.9482
846.1 4.9661
844.86 4.9839
843.62 5.0018
842.38 5.0196
841.14 5.0375
839.9 5.0554
838.66 5.0733
837.43 5.0912
836.19 5.1091
834.95 5.1271
833.71 5.145
832.47 5.163
831.23 5.181
829.99 5.199
828.76 5.217
827.52 5.2351
826.28 5.2531
825.04 5.2712
823.8 5.2893
822.56 5.3074
821.32 5.3255
820.09 5.3436
818.85 5.3618
817.61 5.38
816.37 5.3982
815.13 5.4164
813.89 5.4346
812.65 5.4529
811.42 5.4712
810.18 5.4895
808.94 5.5078
807.7 5.5261
806.46 5.5445
805.22 5.5629
803.98 5.5813
802.74 5.5997
801.51 5.6182
800.27 5.6367
799.03 5.6552
797.79 5.6737
796.55 5.6923
795.31 5.7109
794.07 5.7295
792.84 5.7481
791.6 5.7668
790.36 5.7855
789.12 5.8042
787.88 5.823
786.64 5.8417
785.4 5.8606
784.17 5.8794
782.93 5.8983
781.69 5.9172
780.45 5.9361
779.21 5.9551
777.97 5.9741
776.73 5.9932
775.5 6.0123
774.26 6.0314
773.02 6.0505
771.78 6.0697
770.54 6.089
769.3 6.1082
768.06 6.1275
766.83 6.1469
765.59 6.1663
764.35 6.1857
763.11 6.2052
761.87 6.2247
760.63 6.2443
759.39 6.2639
758.15 6.2835
756.92 6.3032
755.68 6.323
754.44 6.3428
753.2 6.3626
751.96 6.3825
750.72 6.4024
749.48 6.4224
748.25 6.4424
747.01 6.4625
745.77 6.4827
744.53 6.5029
743.29 6.5232
742.05 6.5435
740.81 6.5638
739.58 6.5843
738.34 6.6048
737.1 6.6253
735.86 6.6459
734.62 6.6666
733.38 6.6873
732.14 6.7081
730.91 6.729
729.67 6.75
728.43 6.771
727.19 6.792
725.95 6.8132
724.71 6.8344
723.47 6.8557
722.23 6.8771
721 6.8985
719.76 6.92
718.52 6.9416
717.28 6.9633
716.04 6.985
714.8 7.0069
713.56 7.0288
712.33 7.0508
711.09 7.0729
709.85 7.0951
708.61 7.1174
707.37 7.1397
706.13 7.1622
704.89 7.1847
703.66 7.2074
702.42 7.2301
701.18 7.253
699.94 7.2759
698.7 7.299
697.46 7.3221
696.22 7.3454
694.99 7.3687
693.75 7.3922
692.51 7.4158
691.27 7.4395
690.03 7.4633
688.79 7.4873
687.55 7.5113
686.32 7.5355
685.08 7.5598
683.84 7.5843
682.6 7.6088
681.36 7.6335
680.12 7.6584
678.88 7.6833
677.64 7.7084
676.41 7.7337
675.17 7.7591
673.93 7.7846
672.69 7.8103
671.45 7.8361
670.21 7.8621
668.97 7.8883
667.74 7.9146
666.5 7.9411
665.26 7.9677
664.02 7.9945
662.78 8.0215
661.54 8.0487
660.3 8.076
659.07 8.1035
657.83 8.1312
656.59 8.1591
655.35 8.1872
654.11 8.2155
652.87 8.244
651.63 8.2727
650.4 8.3016
649.16 8.3307
647.92 8.36
646.68 8.3896
645.44 8.4194
644.2 8.4494
642.96 8.4796
641.73 8.5101
640.49 8.5408
639.25 8.5718
638.01 8.603
636.77 8.6345
635.53 8.6662
634.29 8.6982
633.05 8.7305
631.82 8.7631
630.58 8.796
629.34 8.8291
628.1 8.8625
626.86 8.8963
625.62 8.9303
624.38 8.9647
623.15 8.9994
621.91 9.0344
620.67 9.0698
619.43 9.1055
618.19 9.1416
616.95 9.178
615.71 9.2148
614.48 9.252
613.24 9.2895
612 9.3275
610.76 9.3658
609.52 9.4045
608.28 9.4437
607.04 9.4833
605.81 9.5234
604.57 9.5639
603.33 9.6048
602.09 9.6462
600.85 9.6881
599.61 9.7305
598.37 9.7734
597.13 9.8168
595.9 9.8608
594.66 9.9052
593.42 9.9503
592.18 9.9959
590.94 10.042
589.7 10.089
588.46 10.136
587.23 10.184
585.99 10.233
584.75 10.282
583.51 10.332
582.27 10.383
581.03 10.434
579.79 10.486
578.56 10.539
577.32 10.593
576.08 10.647
574.84 10.703
573.6 10.759
572.36 10.816
571.12 10.873
569.89 10.932
568.65 10.992
567.41 11.052
566.17 11.114
564.93 11.177
563.69 11.24
562.45 11.305
561.22 11.371
559.98 11.438
558.74 11.506
557.5 11.575
556.26 11.646
555.02 11.717
553.78 11.791
552.54 11.865
551.31 11.941
550.07 12.018
548.83 12.097
547.59 12.178
546.35 12.26
545.11 12.343
543.87 12.429
542.64 12.516
541.4 12.605
540.16 12.696
538.92 12.788
537.68 12.883
536.44 12.98
535.2 13.079
533.97 13.181
532.73 13.284
531.49 13.39
530.25 13.499
529.01 13.61
527.77 13.724
526.53 13.841
525.3 13.961
524.06 14.083
522.82 14.209
521.58 14.339
520.34 14.471
519.1 14.608
517.86 14.748
516.62 14.892
515.39 15.039
514.15 15.192
512.91 15.348
511.67 15.51
510.43 15.676
509.19 15.847
507.95 16.024
506.72 16.206
505.48 16.394
504.24 16.589
503 16.789
501.76 16.997
500.52 17.211
499.28 17.434
498.05 17.664
496.81 17.902
495.57 18.149
494.33 18.406
493.09 18.672
491.85 18.949
490.61 19.236
489.38 19.536
488.14 19.847
486.9 20.172
485.66 20.51
484.42 20.863
483.18 21.231
481.94 21.616
480.71 22.019
479.47 22.44
478.23 22.881
476.99 23.343
475.75 23.828
474.51 24.336
473.27 24.87
472.03 25.43
470.8 26.019
469.56 26.638
468.32 27.289
467.08 27.973
465.84 28.692
464.6 29.446
463.36 30.236
462.13 31.063
460.89 31.924
459.65 32.82
458.41 33.743
457.17 34.687
455.93 35.641
454.69 36.586
453.46 37.497
452.22 38.338
450.98 39.052
449.74 39.574
448.5 39.8
447.26 39.593
446.02 38.803
444.79 37.219
443.55 34.609
442.31 30.792
441.07 25.66
439.83 19.161
438.59 11.607
437.35 3.4918
436.12 -4.6487
434.88 -12.203
433.64 -18.598
432.4 -23.637
431.16 -27.304
429.92 -29.684
428.68 -31.017
427.44 -31.546
426.21 -31.472
424.97 -30.977
423.73 -30.202
422.49 -29.244
421.25 -28.184
420.01 -27.071
418.77 -25.943
417.54 -24.824
416.3 -23.732
415.06 -22.675
413.82 -21.66
412.58 -20.69
411.34 -19.766
410.1 -18.888
408.87 -18.054
407.63 -17.264
406.39 -16.515
405.15 -15.806
403.91 -15.133
402.67 -14.495
401.43 -13.89
400.2 -13.316
398.96 -12.771
397.72 -12.252
396.48 -11.759
395.24 -11.289
394 -10.842
392.76 -10.415
391.52 -10.007
390.29 -9.6182
389.05 -9.2462
387.81 -8.8902
386.57 -8.5494
385.33 -8.2228
384.09 -7.9096
382.85 -7.6091
381.62 -7.3204
380.38 -7.043
379.14 -6.7762
377.9 -6.5195
376.66 -6.2722
375.42 -6.034
374.18 -5.8042
372.95 -5.5826
371.71 -5.3687
370.47 -5.162
369.23 -4.9623
367.99 -4.7691
366.75 -4.5823
365.51 -4.4015
364.28 -4.2263
363.04 -4.0566
361.8 -3.8921
360.56 -3.7326
359.32 -3.5778
358.08 -3.4275
356.84 -3.2816
355.61 -3.1398
354.37 -3.0021
353.13 -2.8681
351.89 -2.7379
350.65 -2.6111
349.41 -2.4877
348.17 -2.3676
346.93 -2.2506
345.7 -2.1366
344.46 -2.0255
343.22 -1.9171
341.98 -1.8115
340.74 -1.7084
339.5 -1.6078
338.26 -1.5096
337.03 -1.4137
335.79 -1.32
334.55 -1.2285
333.31 -1.1391
332.07 -1.0517
330.83 -0.96621
329.59 -0.88262
328.36 -0.80086
327.12 -0.72086
325.88 -0.64256
324.64 -0.56591
323.4 -0.49087
322.16 -0.41737
320.92 -0.34538
319.69 -0.27484
318.45 -0.20572
317.21 -0.13797
315.97 -0.071555
314.73 -0.0064311
313.49 0.057437
312.25 0.12008
311.01 0.18155
309.78 0.24186
308.54 0.30104
307.3 0.35914
306.06 0.41618
304.82 0.47218
303.58 0.52718
302.34 0.5812
301.11 0.63427
299.87 0.68641
298.63 0.73765
297.39 0.788
296.15 0.8375
294.91 0.88615
293.67 0.93399
292.44 0.98103
291.2 1.0273
289.96 1.0728
288.72 1.1176
287.48 1.1616
286.24 1.2049
285 1.2476
283.77 1.2896
282.53 1.3309
281.29 1.3715
280.05 1.4116
278.81 1.451
277.57 1.4898
276.33 1.528
275.1 1.5657
273.86 1.6028
272.62 1.6393
271.38 1.6753
270.14 1.7108
268.9 1.7457
267.66 1.7802
266.42 1.8141
265.19 1.8476
263.95 1.8806
262.71 1.9131
261.47 1.9451
260.23 1.9768
258.99 2.0079
257.75 2.0387
256.52 2.069
255.28 2.0989
254.04 2.1284
252.8 2.1574
251.56 2.1861
250.32 2.2145
249.08 2.2424
247.85 2.2699
246.61 2.2971
245.37 2.324
244.13 2.3505
242.89 2.3766
241.65 2.4024
240.41 2.4279
239.18 2.453
237.94 2.4778
236.7 2.5023
235.46 2.5265
234.22 2.5504
232.98 2.574
231.74 2.5973
230.51 2.6203
229.27 2.643
228.03 2.6654
226.79 2.6875
225.55 2.7094
224.31 2.731
223.07 2.7523
221.83 2.7734
220.6 2.7942
219.36 2.8148
218.12 2.8351
216.88 2.8552
215.64 2.875
214.4 2.8946
213.16 2.914
211.93 2.9331
210.69 2.952
209.45 2.9707
208.21 2.9891
206.97 3.0073
205.73 3.0254
204.49 3.0432
203.26 3.0607
202.02 3.0781
200.78 3.0953
199.54 3.1123
198.3 3.1291
197.06 3.1457
195.82 3.1621
194.59 3.1783
193.35 3.1943
192.11 3.2101
190.87 3.2258
189.63 3.2412
188.39 3.2565
187.15 3.2716
185.91 3.2865
184.68 3.3013
183.44 3.3159
182.2 3.3303
180.96 3.3446
179.72 3.3587
178.48 3.3726
177.24 3.3864
176.01 3.4
174.77 3.4134
173.53 3.4267
172.29 3.4399
171.05 3.4529
169.81 3.4657
168.57 3.4784
167.34 3.4909
166.1 3.5033
164.86 3.5156
163.62 3.5277
162.38 3.5397
161.14 3.5515
159.9 3.5632
158.67 3.5748
157.43 3.5862
156.19 3.5975
154.95 3.6087
153.71 3.6197
152.47 3.6306
151.23 3.6414
150 3.652
148.76 3.6626
147.52 3.673
146.28 3.6832
145.04 3.6934
143.8 3.7034
142.56 3.7133
141.32 3.7231
140.09 3.7328
138.85 3.7423
137.61 3.7518
136.37 3.7611
135.13 3.7703
133.89 3.7794
132.65 3.7884
131.42 3.7973
130.18 3.806
128.94 3.8147
127.7 3.8232
126.46 3.8317
125.22 3.84
123.98 3.8482