48402.71055 0.220248 2.861386
47596.38267 0.128101 2.91954
46772.68475 0.051261 2.97902
45977.01149 -0.0494 3.05025
45167.11834 -0.130312 3.138666
44365.57232 -0.210737 3.219816
43554.00697 -0.30864 3.300392
42753.31338 -0.399177 3.391736
41946.30872 -0.489325 3.4809
41135.33525 -0.610403 3.589596
40322.58065 -0.730779 3.70994
39525.6917 -0.860521 3.88128
38714.67286 -0.979693 4.068924
37907.50569 -1.078968 4.278374
37105.75139 -1.179059 4.51782
36297.64065 -1.199173 4.828236
35486.1604 -1.132071 5.08012
34686.09088 -1.041535 5.279232
33875.33875 -0.970788 5.408384
33068.78307 -0.927673 5.569536
32258.06452 -0.880859 5.74986
31456.43284 -0.740675 5.9109
30646.64419 -0.558831 6.01096
29841.83826 -0.37906 5.931408
29036.00465 -0.369837 5.750284
28232.63693 -0.487925 5.6511
27419.79709 -0.6403 5.6604
26616.98163 -0.759825 5.676752
25806.45161 -0.868352 5.720064
25006.25156 -0.92016 5.770782
24195.49964 -0.900144 5.69035
23391.81287 -0.938821 5.54166
22583.55917 -1.021013 5.340684
21777.00348 -0.890847 5.058704
20968.75655 -0.830844 3.94992
20165.35592 -1.92022004 2.7901512
19357.33643 -3.181605 1.860412
18549.43424 -4.94976 1.479842
17743.0802 -6.53963796 1.2598376
16937.66938 -8.26116671 1.050048
16131.63413 -10.24720151 0.8695656
15325.6705 -12.44193819 0.7700278
14518.00232 -14.97737514 0.65992808
13711.77842 -17.98869491 0.64995924
12904.89095 -21.43068583 0.7299658
12097.74982 -25.49606956 0.809919
11291.77958 -30.42972 0.959958
10485.47761 -36.44853264 1.1399744
9680.54211 -43.98632576 1.3504788
8873.114463 -53.74616796 1.6101072
8064.516129 -66.27391199 2.1999684
7662.835249 -74.16623924 2.2807224
7256.894049 -83.53573956 2.7203616
6854.009596 -94.45027671 3.260088
6451.612903 -107.086476 3.92886
6049.606776 -122.731655 4.130624
5646.527386 -142.2782872 5.151374
5243.83849 -166.088898 6.481092
4840.271055 -195.9120878 8.302
4436.557232 -233.9645424 10.83852
4032.258065 -284.0750438 14.486112
3629.764065 -350.1582415 19.816992
3225.806452 -444.4755072 23.582838
2823.263693 -585.0985984 35.61272
2419.549964 -798.184884 56.76616
2016.535592 -1150.505796 98.3192
1613.163413 -1795.179204 192.12304
1209.774982 -3172.716576 453.79292
806.4516129 -6990.774804 1507.56552
